10,0.000000,0.000000,0.000000,0.000000,0.000000
0.000000,0.000000,0.000000,0.000000,0.000000
20,0.000000,0.000000,0.000000,0.000000,0.000000
0.000000,0.000000,0.000000,0.000000,0.000000
30,0.000000,0.000000,0.000000,0.000000,0.000000
0.000000,0.000000,0.000000,0.000000,0.000000
40,0.000000,0.000000,0.000000,0.000000,0.000000
0.000000,0.000000,0.000000,0.000000,0.000000
50,0.000000,0.000000,0.000000,0.000000,0.000000
0.000000,0.000000,0.000000,0.000000,0.000000
60,0.000000,0.000000,0.000000,0.000000,0.000000
0.000000,0.000000,0.000000,0.000000,0.000000
70,0.000000,0.000000,0.000000,0.000000,0.000000
0.000000,0.000000,0.000000,0.000000,0.000000
80,0.000000,0.000000,0.000000,0.000000,0.000000
0.000000,0.000000,0.000000,0.000000,0.000000
90,0.000000,0.000000,0.000000,0.000000,0.000000
0.000000,0.000000,0.000000,0.000000,0.000000
100,0.000000,0.000000,0.000000,0.000000,0.000000
0.000000,0.000000,0.000000,0.000000,0.000000
110,0.000000,0.000000,0.000000,0.000000,0.000000
0.000000,0.000000,0.000000,0.000000,0.000000
120,0.000000,0.000000,0.000000,0.000000,0.000000
0.000000,0.000000,0.000000,0.000000,0.000000
130,0.000000,0.000000,0.000000,0.000000,0.000000
0.000000,0.000000,0.000000,0.000000,0.000000
140,0.000000,0.000000,0.000000,0.000000,0.000000
0.000000,0.000000,0.004000,0.000000,0.000000
150,0.000000,0.000000,0.000000,0.000000,0.000000
0.000000,0.000000,0.000000,0.000000,0.000000
160,0.000000,0.000000,0.000000,0.000000,0.000000
0.000000,0.000000,0.000000,0.000000,0.000000
170,0.004000,0.000000,0.000000,0.000000,0.000000
0.000000,0.000000,0.000000,0.000000,0.000000
180,0.000000,0.000000,0.000000,0.000000,0.000000
0.000000,0.000000,0.004000,0.000000,0.000000
190,0.000000,0.000000,0.000000,0.000000,0.000000
0.000000,0.000000,0.000000,0.000000,0.000000
200,0.000000,0.000000,0.004000,0.000000,0.000000
0.000000,0.000000,0.000000,0.000000,0.000000
210,0.000000,0.000000,0.000000,0.000000,0.004000
0.000000,0.000000,0.000000,0.000000,0.000000
220,0.000000,0.000000,0.000000,0.000000,0.000000
0.004000,0.000000,0.000000,0.000000,0.000000
230,0.000000,0.000000,0.000000,0.000000,0.000000
0.000000,0.004000,0.000000,0.000000,0.000000
240,0.000000,0.000000,0.000000,0.000000,0.000000
0.000000,0.004000,0.000000,0.000000,0.000000
250,0.000000,0.000000,0.000000,0.000000,0.000000
0.004000,0.000000,0.000000,0.000000,0.000000
260,0.000000,0.000000,0.000000,0.000000,0.004000
0.000000,0.000000,0.000000,0.000000,0.000000
270,0.000000,0.000000,0.004000,0.000000,0.000000
0.000000,0.000000,0.000000,0.000000,0.000000
280,0.004000,0.000000,0.000000,0.000000,0.000000
0.000000,0.000000,0.004000,0.000000,0.000000
290,0.000000,0.000000,0.000000,0.000000,0.004000
0.000000,0.000000,0.000000,0.000000,0.000000
300,0.000000,0.004000,0.000000,0.000000,0.000000
0.000000,0.000000,0.000000,0.004000,0.000000
310,0.000000,0.000000,0.000000,0.000000,0.004000
0.000000,0.000000,0.000000,0.000000,0.000000
320,0.004000,0.000000,0.001000,0.001000,0.000000
0.001000,0.000000,0.001000,0.000000,0.000000
330,0.000000,0.000000,0.000000,0.004000,0.001000
0.000000,0.002000,0.000000,0.001000,0.000000
340,0.002000,0.001000,0.000000,0.000000,0.000000
0.000000,0.004000,0.000000,0.000000,0.000000
350,0.000000,0.004000,0.000000,0.001000,0.000000
0.000000,0.000000,0.000000,0.004000,0.000000
360,0.000000,0.000000,0.000000,0.004000,0.000000
0.000000,0.000000,0.004000,0.001000,0.001000
370,0.000000,0.000000,0.000000,0.000000,0.004000
0.000000,0.000000,0.000000,0.004000,0.000000
380,0.001000,0.001000,0.000000,0.000000,0.000000
0.000000,0.004000,0.000000,0.000000,0.000000
390,0.004000,0.000000,0.000000,0.000000,0.004000
0.000000,0.000000,0.000000,0.004000,0.001000
400,0.000000,0.000000,0.000000,0.004000,0.000000
0.000000,0.000000,0.004000,0.000000,0.000000
410,0.000000,0.004000,0.000000,0.000000,0.000000
0.004000,0.000000,0.000000,0.000000,0.004000
420,0.000000,0.000000,0.000000,0.004000,0.000000
0.000000,0.004000,0.000000,0.000000,0.000000
430,0.005000,0.001000,0.000000,0.000000,0.000000
0.000000,0.000000,0.000000,0.004000,0.000000
440,0.000000,0.000000,0.004000,0.000000,0.000000
0.004000,0.001000,0.000000,0.000000,0.004000
450,0.000000,0.000000,0.004000,0.000000,0.000000
0.000000,0.004000,0.000000,0.003000,0.001000
460,0.000000,0.000000,0.004000,0.000000,0.000000
0.004000,0.000000,0.000000,0.004000,0.000000
470,0.004000,0.002000,0.001000,0.000000,0.004000
0.000000,0.000000,0.004000,0.000000,0.005000
480,0.002000,0.001000,0.000000,0.003000,0.002000
0.002000,0.000000,0.000000,0.006000,0.003000
490,0.003000,0.001000,0.003000,0.002000,0.002000
0.002000,0.001000,0.000000,0.004000,0.002000
500,0.001000,0.000000,0.004000,0.002000,0.000000
0.003000,0.000000,0.000000,0.005000,0.000000
510,0.004000,0.000000,0.004000,0.001000,0.003000
0.001000,0.000000,0.004000,0.000000,0.005000
520,0.001000,0.000000,0.004000,0.001000,0.001000
0.000000,0.004000,0.000000,0.000000,0.004000
530,0.000000,0.004000,0.004000,0.001000,0.000000
0.004000,0.000000,0.000000,0.004000,0.000000
540,0.004000,0.003000,0.001000,0.000000,0.004000
0.000000,0.000000,0.004000,0.000000,0.004000
550,0.000000,0.004000,0.000000,0.004000,0.000000
0.000000,0.004000,0.000000,0.004000,0.000000
560,0.004000,0.002000,0.000000,0.000000,0.005000
0.000000,0.004000,0.001000,0.000000,0.004000
570,0.002000,0.000000,0.005000,0.000000,0.004000
0.000000,0.000000,0.004000,0.000000,0.004000
580,0.000000,0.004000,0.000000,0.004000,0.000000
0.004000,0.000000,0.004000,0.000000,0.004000
590,0.000000,0.004000,0.000000,0.004000,0.000000
0.004000,0.001000,0.000000,0.005000,0.002000
600,0.004000,0.001000,0.000000,0.006000,0.001000
0.003000,0.002000,0.001000,0.003000,0.002000
610,0.002000,0.003000,0.003000,0.004000,0.003000
0.002000,0.002000,0.003000,0.001000,0.000000
620,0.004000,0.000000,0.004000,0.004000,0.002000
0.003000,0.001000,0.000000,0.005000,0.000000
630,0.004000,0.004000,0.000000,0.004000,0.000000
0.004000,0.000000,0.004000,0.000000,0.004000
640,0.004000,0.000000,0.004000,0.000000,0.004000
0.000000,0.006000,0.000000,0.004000,0.000000
650,0.004000,0.004000,0.000000,0.004000,0.000000
0.004000,0.004000,0.000000,0.004000,0.000000
660,0.004000,0.000000,0.004000,0.004000,0.000000
0.004000,0.004000,0.000000,0.004000,0.000000
670,0.004000,0.004000,0.000000,0.004000,0.000000
0.004000,0.004000,0.000000,0.004000,0.004000
680,0.000000,0.004000,0.000000,0.004000,0.004000
0.000000,0.004000,0.004000,0.000000,0.004000
690,0.004000,0.000000,0.004000,0.004000,0.000000
0.004000,0.004000,0.000000,0.004000,0.004000
700,0.000000,0.004000,0.004000,0.000000,0.004000
0.004000,0.000000,0.004000,0.004000,0.000000
710,0.004000,0.004000,0.000000,0.005000,0.000000
0.004000,0.004000,0.000000,0.004000,0.005000
720,0.000000,0.003000,0.004000,0.000000,0.004000
0.004000,0.004000,0.000000,0.004000,0.004000
730,0.000000,0.004000,0.004000,0.004000,0.000000
0.004000,0.004000,0.004000,0.004000,0.004000
740,0.004000,0.004000,0.000000,0.004000,0.004000
0.000000,0.004000,0.004000,0.004000,0.002000
750,0.005000,0.001000,0.004000,0.004000,0.000000
0.004000,0.004000,0.001000,0.004000,0.004000
760,0.000000,0.000000,0.005000,0.005000,0.000000
0.004000,0.004000,0.004000,0.000000,0.004000
770,0.004000,0.004000,0.004000,0.000000,0.004000
0.004000,0.004000,0.000000,0.004000,0.004000
780,0.004000,0.004000,0.000000,0.004000,0.004000
0.004000,0.004000,0.004000,0.000000,0.004000
790,0.004000,0.004000,0.004000,0.000000,0.004000
0.004000,0.004000,0.004000,0.004000,0.000000
800,0.005000,0.004000,0.004000,0.000000,0.004000
0.004000,0.004000,0.004000,0.004000,0.004000
810,0.000000,0.000000,0.004000,0.004000,0.004000
0.004000,0.004000,0.004000,0.000000,0.004000
820,0.004000,0.004000,0.004000,0.004000,0.004000
0.004000,0.004000,0.000000,0.005000,0.004000
830,0.005000,0.006000,0.007000,0.005000,0.005000
0.006000,0.004000,0.006000,0.004000,0.005000
840,0.007000,0.003000,0.005000,0.003000,0.005000
0.004000,0.005000,0.005000,0.005000,0.009000
850,0.010000,0.006000,0.006000,0.006000,0.005000
0.005000,0.005000,0.005000,0.004000,0.004000
860,0.005000,0.004000,0.003000,0.004000,0.005000
0.004000,0.004000,0.001000,0.007000,0.000000
870,0.006000,0.005000,0.005000,0.001000,0.010000
0.004000,0.003000,0.005000,0.004000,0.004000
880,0.003000,0.004000,0.004000,0.004000,0.004000
0.005000,0.004000,0.004000,0.005000,0.003000
890,0.004000,0.004000,0.005000,0.004000,0.004000
0.004000,0.006000,0.004000,0.004000,0.005000
900,0.003000,0.004000,0.004000,0.006000,0.007000
0.005000,0.004000,0.005000,0.004000,0.003000
910,0.005000,0.005000,0.002000,0.005000,0.006000
0.004000,0.005000,0.003000,0.007000,0.003000
920,0.006000,0.004000,0.002000,0.004000,0.008000
0.005000,0.001000,0.008000,0.004000,0.004000
930,0.004000,0.004000,0.004000,0.004000,0.004000
0.008000,0.004000,0.004000,0.004000,0.004000
940,0.004000,0.008000,0.004000,0.005000,0.004000
0.004000,0.004000,0.004000,0.004000,0.008000
950,0.004000,0.004000,0.004000,0.004000,0.004000
0.008000,0.004000,0.006000,0.005000,0.004000
960,0.004000,0.006000,0.004000,0.004000,0.004000
0.004000,0.008000,0.004000,0.004000,0.004000
970,0.008000,0.004000,0.004000,0.004000,0.004000
0.008000,0.004000,0.004000,0.004000,0.009000
980,0.005000,0.004000,0.005000,0.004000,0.004000
0.007000,0.001000,0.009000,0.009000,0.007000
990,0.008000,0.009000,0.010000,0.009000,0.004000
0.008000,0.005000,0.007000,0.004000,0.005000
1000,0.008000,0.009000,0.006000,0.007000,0.004000
0.007000,0.007000,0.004000,0.005000,0.005000
1010,0.004000,0.008000,0.004000,0.004000,0.009000
0.005000,0.003000,0.008000,0.004000,0.004000
1020,0.009000,0.005000,0.003000,0.008000,0.005000
0.004000,0.007000,0.005000,0.004000,0.008000
1030,0.004000,0.004000,0.009000,0.005000,0.004000
0.004000,0.008000,0.004000,0.008000,0.004000
1040,0.004000,0.008000,0.004000,0.008000,0.004000
0.004000,0.008000,0.004000,0.008000,0.004000
1050,0.004000,0.008000,0.004000,0.008000,0.004000
0.008000,0.004000,0.008000,0.004000,0.004000
1060,0.008000,0.004000,0.008000,0.004000,0.008000
0.004000,0.008000,0.004000,0.008000,0.004000
1070,0.008000,0.004000,0.009000,0.004000,0.004000
0.004000,0.004000,0.004000,0.006000,0.008000
1080,0.004000,0.008000,0.004000,0.008000,0.004000
0.008000,0.004000,0.008000,0.007000,0.006000
1090,0.007000,0.006000,0.008000,0.006000,0.006000
0.008000,0.004000,0.010000,0.006000,0.006000
1100,0.004000,0.008000,0.005000,0.008000,0.004000
0.008000,0.004000,0.009000,0.004000,0.008000
1110,0.006000,0.008000,0.006000,0.004000,0.008000
0.004000,0.008000,0.008000,0.004000,0.008000
1120,0.004000,0.008000,0.008000,0.008000,0.004000
0.008000,0.008000,0.008000,0.008000,0.004000
1130,0.008000,0.008000,0.004000,0.008000,0.008000
0.004000,0.008000,0.008000,0.004000,0.008000
1140,0.008000,0.008000,0.004000,0.008000,0.008000
0.008000,0.004000,0.008000,0.008000,0.004000
1150,0.008000,0.008000,0.008000,0.004000,0.008000
0.008000,0.004000,0.008000,0.008000,0.004000
1160,0.008000,0.008000,0.008000,0.004000,0.008000
0.007000,0.008000,0.008000,0.004000,0.008000
1170,0.009000,0.005000,0.008000,0.008000,0.008000
0.008000,0.007000,0.004000,0.008000,0.009000
1180,0.004000,0.008000,0.008000,0.008000,0.008000
0.004000,0.008000,0.008000,0.008000,0.006000
1190,0.008000,0.008000,0.008000,0.008000,0.004000
0.008000,0.008000,0.008000,0.008000,0.008000
1200,0.004000,0.008000,0.008000,0.008000,0.008000
0.008000,0.004000,0.004000,0.008000,0.008000
1210,0.008000,0.008000,0.008000,0.008000,0.008000
0.008000,0.008000,0.008000,0.004000,0.008000
1220,0.008000,0.008000,0.009000,0.008000,0.004000
0.004000,0.008000,0.008000,0.008000,0.008000
1230,0.009000,0.010000,0.008000,0.008000,0.008000
0.007000,0.008000,0.009000,0.007000,0.008000
1240,0.008000,0.005000,0.008000,0.009000,0.008000
0.008000,0.008000,0.008000,0.008000,0.008000
1250,0.008000,0.009000,0.008000,0.008000,0.008000
0.008000,0.008000,0.008000,0.008000,0.008000
1260,0.008000,0.008000,0.008000,0.008000,0.008000
0.008000,0.008000,0.010000,0.008000,0.008000
1270,0.008000,0.008000,0.008000,0.008000,0.008000
0.012000,0.008000,0.008000,0.008000,0.007000
1280,0.009000,0.008000,0.008000,0.008000,0.012000
0.008000,0.008000,0.008000,0.008000,0.008000
1290,0.008000,0.012000,0.008000,0.008000,0.008000
0.008000,0.008000,0.008000,0.009000,0.008000
1300,0.008000,0.012000,0.008000,0.008000,0.008000
0.008000,0.012000,0.008000,0.008000,0.008000
1310,0.008000,0.008000,0.012000,0.012000,0.012000
0.008000,0.008000,0.008000,0.012000,0.008000
1320,0.016000,0.008000,0.008000,0.008000,0.008000
0.008000,0.012000,0.008000,0.008000,0.008000
1330,0.012000,0.008000,0.008000,0.012000,0.008000
0.008000,0.008000,0.012000,0.008000,0.010000
1340,0.008000,0.012000,0.008000,0.008000,0.012000
0.008000,0.012000,0.015000,0.009000,0.008000
1350,0.009000,0.008000,0.008000,0.008000,0.009000
0.012000,0.009000,0.009000,0.010000,0.008000
1360,0.012000,0.008000,0.008000,0.012000,0.008000
0.008000,0.012000,0.008000,0.012000,0.008000
1370,0.012000,0.008000,0.008000,0.012000,0.007000
0.012000,0.008000,0.012000,0.008000,0.008000
1380,0.008000,0.008000,0.010000,0.012000,0.008000
0.012000,0.008000,0.012000,0.008000,0.008000
1390,0.014000,0.008000,0.012000,0.008000,0.012000
0.008000,0.012000,0.008000,0.012000,0.008000
1400,0.012000,0.008000,0.012000,0.008000,0.012000
0.008000,0.009000,0.012000,0.008000,0.012000
1410,0.008000,0.012000,0.008000,0.012000,0.012000
0.010000,0.007000,0.012000,0.012000,0.008000
1420,0.012000,0.008000,0.012000,0.008000,0.012000
0.012000,0.012000,0.009000,0.012000,0.008000
1430,0.012000,0.008000,0.012000,0.012000,0.011000
0.014000,0.014000,0.012000,0.007000,0.017000
1440,0.016000,0.012000,0.014000,0.029000,0.015000
0.015000,0.017000,0.013000,0.011000,0.011000
1450,0.012000,0.011000,0.011000,0.010000,0.012000
0.008000,0.012000,0.012000,0.009000,0.012000
1460,0.012000,0.012000,0.009000,0.012000,0.012000
0.008000,0.012000,0.010000,0.014000,0.008000
1470,0.012000,0.012000,0.008000,0.012000,0.014000
0.008000,0.012000,0.011000,0.010000,0.012000
1480,0.012000,0.012000,0.012000,0.008000,0.012000
0.012000,0.012000,0.008000,0.008000,0.012000
1490,0.012000,0.012000,0.012000,0.008000,0.012000
0.013000,0.012000,0.012000,0.012000,0.012000
1500,0.008000,0.012000,0.017000,0.020000,0.017000
0.015000,0.013000,0.013000,0.012000,0.013000
1510,0.009000,0.014000,0.010000,0.012000,0.013000
0.013000,0.012000,0.012000,0.013000,0.008000
1520,0.014000,0.009000,0.012000,0.012000,0.012000
0.015000,0.012000,0.013000,0.016000,0.008000
1530,0.013000,0.012000,0.008000,0.009000,0.013000
0.012000,0.012000,0.012000,0.012000,0.012000
1540,0.012000,0.012000,0.012000,0.012000,0.012000
0.013000,0.013000,0.012000,0.012000,0.012000
1550,0.013000,0.012000,0.012000,0.012000,0.012000
0.012000,0.012000,0.012000,0.012000,0.012000
1560,0.012000,0.016000,0.012000,0.012000,0.012000
0.012000,0.012000,0.012000,0.012000,0.012000
1570,0.016000,0.012000,0.012000,0.012000,0.012000
0.012000,0.014000,0.012000,0.016000,0.012000
1580,0.012000,0.012000,0.012000,0.012000,0.016000
0.012000,0.012000,0.014000,0.011000,0.012000
1590,0.016000,0.013000,0.012000,0.013000,0.012000
0.012000,0.016000,0.012000,0.014000,0.013000
1600,0.013000,0.012000,0.012000,0.012000,0.016000
0.015000,0.014000,0.014000,0.024000,0.014000
1610,0.011000,0.015000,0.012000,0.016000,0.012000
0.012000,0.016000,0.012000,0.012000,0.016000
1620,0.012000,0.016000,0.012000,0.016000,0.012000
0.012000,0.013000,0.014000,0.014000,0.016000
1630,0.012000,0.012000,0.013000,0.013000,0.016000
0.012000,0.016000,0.012000,0.012000,0.016000
1640,0.012000,0.014000,0.016000,0.012000,0.016000
0.012000,0.012000,0.016000,0.012000,0.016000
1650,0.012000,0.016000,0.012000,0.016000,0.012000
0.016000,0.012000,0.012000,0.016000,0.015000
1660,0.014000,0.012000,0.017000,0.014000,0.012000
0.016000,0.012000,0.017000,0.013000,0.016000
1670,0.012000,0.012000,0.014000,0.016000,0.012000
0.016000,0.016000,0.021000,0.021000,0.018000
1680,0.016000,0.013000,0.017000,0.012000,0.013000
0.012000,0.016000,0.012000,0.016000,0.012000
1690,0.017000,0.012000,0.016000,0.016000,0.012000
0.017000,0.012000,0.015000,0.015000,0.014000
1700,0.015000,0.018000,0.016000,0.017000,0.015000
0.015000,0.017000,0.016000,0.015000,0.015000
1710,0.015000,0.028000,0.022000,0.016000,0.019000
0.021000,0.021000,0.024000,0.020000,0.022000
1720,0.023000,0.022000,0.022000,0.022000,0.018000
0.016000,0.018000,0.019000,0.026000,0.020000
1730,0.015000,0.016000,0.015000,0.015000,0.019000
0.017000,0.017000,0.017000,0.014000,0.020000
1740,0.020000,0.020000,0.016000,0.014000,0.016000
0.016000,0.016000,0.013000,0.016000,0.016000
1750,0.016000,0.016000,0.013000,0.016000,0.016000
0.016000,0.016000,0.016000,0.012000,0.012000
1760,0.019000,0.015000,0.016000,0.016000,0.016000
0.013000,0.019000,0.016000,0.015000,0.015000
1770,0.018000,0.016000,0.016000,0.014000,0.020000
0.016000,0.018000,0.013000,0.016000,0.016000
1780,0.016000,0.016000,0.016000,0.018000,0.014000
0.016000,0.016000,0.016000,0.020000,0.014000
1790,0.018000,0.016000,0.015000,0.018000,0.017000
0.018000,0.022000,0.021000,0.018000,0.013000
1800,0.017000,0.016000,0.017000,0.020000,0.016000
0.019000,0.016000,0.015000,0.020000,0.015000
1810,0.018000,0.019000,0.019000,0.016000,0.017000
0.017000,0.016000,0.016000,0.016000,0.016000
1820,0.021000,0.013000,0.018000,0.021000,0.024000
0.015000,0.020000,0.015000,0.021000,0.018000
1830,0.019000,0.016000,0.019000,0.016000,0.019000
0.017000,0.019000,0.017000,0.017000,0.016000
1840,0.017000,0.019000,0.016000,0.016000,0.020000
0.018000,0.016000,0.016000,0.017000,0.020000
1850,0.016000,0.020000,0.020000,0.019000,0.018000
0.016000,0.015000,0.025000,0.018000,0.018000
1860,0.016000,0.020000,0.016000,0.020000,0.016000
0.020000,0.016000,0.016000,0.020000,0.018000
1870,0.021000,0.018000,0.018000,0.021000,0.015000
0.020000,0.021000,0.015000,0.022000,0.017000
1880,0.019000,0.019000,0.015000,0.020000,0.016000
0.020000,0.020000,0.016000,0.020000,0.018000
1890,0.016000,0.022000,0.017000,0.018000,0.019000
0.020000,0.018000,0.016000,0.021000,0.019000
1900,0.016000,0.020000,0.021000,0.017000,0.016000
0.018000,0.023000,0.021000,0.018000,0.016000
1910,0.023000,0.017000,0.020000,0.018000,0.019000
0.019000,0.016000,0.020000,0.020000,0.019000
1920,0.020000,0.016000,0.020000,0.020000,0.016000
0.020000,0.020000,0.016000,0.020000,0.020000
1930,0.020000,0.017000,0.021000,0.019000,0.016000
0.025000,0.024000,0.023000,0.043000,0.032000
1940,0.020000,0.021000,0.022000,0.018000,0.021000
0.019000,0.022000,0.020000,0.017000,0.021000
1950,0.022000,0.020000,0.022000,0.019000,0.026000
0.022000,0.023000,0.020000,0.022000,0.020000
1960,0.017000,0.021000,0.022000,0.018000,0.020000
0.020000,0.020000,0.020000,0.020000,0.020000
1970,0.020000,0.020000,0.020000,0.020000,0.020000
0.020000,0.020000,0.017000,0.020000,0.020000
1980,0.020000,0.024000,0.021000,0.020000,0.020000
0.020000,0.020000,0.020000,0.018000,0.022000
1990,0.020000,0.020000,0.020000,0.020000,0.020000
0.020000,0.020000,0.020000,0.022000,0.020000
2000,0.020000,0.021000,0.019000,0.020000,0.025000
0.020000,0.022000,0.019000,0.022000,0.021000
2010,0.020000,0.020000,0.021000,0.020000,0.021000
0.020000,0.022000,0.020000,0.020000,0.023000
2020,0.020000,0.020000,0.020000,0.020000,0.023000
0.021000,0.020000,0.020000,0.020000,0.024000
2030,0.020000,0.020000,0.020000,0.024000,0.018000
0.024000,0.020000,0.020000,0.020000,0.024000
2040,0.019000,0.021000,0.022000,0.021000,0.022000
0.020000,0.020000,0.024000,0.020000,0.022000
2050,0.020000,0.020000,0.029000,0.019000,0.024000
0.019000,0.024000,0.022000,0.020000,0.021000
2060,0.024000,0.020000,0.020000,0.024000,0.020000
0.021000,0.024000,0.020000,0.022000,0.024000
2070,0.020000,0.020000,0.024000,0.025000,0.026000
0.020000,0.024000,0.021000,0.020000,0.024000
2080,0.020000,0.024000,0.020000,0.024000,0.024000
0.020000,0.024000,0.020000,0.021000,0.025000
2090,0.020000,0.024000,0.021000,0.024000,0.021000
0.024000,0.020000,0.028000,0.021000,0.022000
2100,0.023000,0.025000,0.026000,0.024000,0.024000
0.020000,0.024000,0.024000,0.020000,0.024000
2110,0.024000,0.020000,0.025000,0.021000,0.024000
0.024000,0.021000,0.026000,0.022000,0.022000
2120,0.022000,0.024000,0.026000,0.021000,0.024000
0.020000,0.024000,0.024000,0.024000,0.020000
2130,0.024000,0.024000,0.024000,0.020000,0.024000
0.025000,0.024000,0.021000,0.024000,0.024000
2140,0.027000,0.023000,0.023000,0.025000,0.021000
0.025000,0.024000,0.024000,0.024000,0.020000
2150,0.024000,0.024000,0.024000,0.024000,0.024000
0.024000,0.026000,0.023000,0.024000,0.024000
2160,0.023000,0.026000,0.024000,0.025000,0.024000
0.024000,0.024000,0.024000,0.024000,0.024000
2170,0.024000,0.024000,0.025000,0.024000,0.024000
0.024000,0.024000,0.024000,0.026000,0.023000
2180,0.024000,0.027000,0.025000,0.028000,0.025000
0.024000,0.026000,0.024000,0.024000,0.024000
2190,0.024000,0.025000,0.024000,0.024000,0.025000
0.026000,0.027000,0.024000,0.024000,0.024000
2200,0.026000,0.026000,0.024000,0.025000,0.024000
0.024000,0.024000,0.024000,0.024000,0.024000
2210,0.024000,0.028000,0.024000,0.024000,0.025000
0.028000,0.024000,0.024000,0.024000,0.026000
2220,0.028000,0.026000,0.031000,0.026000,0.024000
0.025000,0.025000,0.028000,0.024000,0.024000
2230,0.031000,0.028000,0.024000,0.028000,0.024000
0.026000,0.028000,0.026000,0.025000,0.024000
2240,0.028000,0.025000,0.028000,0.024000,0.028000
0.024000,0.025000,0.028000,0.024000,0.028000
2250,0.024000,0.028000,0.024000,0.028000,0.024000
0.028000,0.024000,0.030000,0.024000,0.024000
2260,0.026000,0.027000,0.026000,0.026000,0.027000
0.024000,0.026000,0.028000,0.028000,0.024000
2270,0.028000,0.028000,0.024000,0.028000,0.024000
0.028000,0.025000,0.028000,0.028000,0.024000
2280,0.028000,0.028000,0.025000,0.029000,0.028000
0.025000,0.027000,0.028000,0.024000,0.028000
2290,0.028000,0.028000,0.024000,0.029000,0.028000
0.026000,0.028000,0.031000,0.024000,0.029000
2300,0.029000,0.025000,0.030000,0.028000,0.024000
0.028000,0.028000,0.024000,0.024000,0.028000
2310,0.028000,0.028000,0.028000,0.028000,0.028000
0.024000,0.028000,0.028000,0.030000,0.028000
2320,0.024000,0.029000,0.028000,0.028000,0.028000
0.028000,0.028000,0.028000,0.026000,0.028000
2330,0.028000,0.030000,0.028000,0.029000,0.026000
0.029000,0.030000,0.029000,0.028000,0.026000
2340,0.029000,0.028000,0.030000,0.028000,0.028000
0.030000,0.028000,0.028000,0.028000,0.028000
2350,0.028000,0.028000,0.028000,0.028000,0.029000
0.030000,0.031000,0.028000,0.029000,0.028000
2360,0.026000,0.028000,0.028000,0.028000,0.032000
0.028000,0.029000,0.028000,0.033000,0.028000
2370,0.028000,0.026000,0.026000,0.032000,0.028000
0.028000,0.029000,0.027000,0.028000,0.026000
2380,0.032000,0.028000,0.030000,0.026000,0.032000
0.036000,0.028000,0.028000,0.030000,0.028000
2390,0.034000,0.029000,0.042000,0.032000,0.030000
0.032000,0.033000,0.032000,0.028000,0.029000
2400,0.032000,0.032000,0.030000,0.038000,0.029000
0.028000,0.032000,0.028000,0.032000,0.032000
2410,0.028000,0.033000,0.030000,0.028000,0.032000
0.028000,0.037000,0.028000,0.031000,0.032000
2420,0.028000,0.032000,0.028000,0.033000,0.032000
0.028000,0.032000,0.030000,0.031000,0.033000
2430,0.028000,0.033000,0.028000,0.030000,0.040000
0.033000,0.031000,0.031000,0.029000,0.032000
2440,0.032000,0.032000,0.028000,0.032000,0.036000
0.033000,0.033000,0.029000,0.032000,0.028000
2450,0.032000,0.032000,0.032000,0.028000,0.032000
0.035000,0.032000,0.032000,0.028000,0.032000
2460,0.032000,0.032000,0.033000,0.032000,0.028000
0.037000,0.029000,0.033000,0.034000,0.032000
2470,0.028000,0.028000,0.036000,0.031000,0.032000
0.032000,0.028000,0.032000,0.034000,0.032000
2480,0.033000,0.028000,0.032000,0.034000,0.032000
0.032000,0.032000,0.032000,0.029000,0.036000
2490,0.032000,0.032000,0.040000,0.032000,0.034000
0.029000,0.038000,0.034000,0.033000,0.032000
2500,0.032000,0.032000,0.032000,0.032000,0.032000
0.036000,0.032000,0.032000,0.032000,0.032000
2510,0.036000,0.033000,0.038000,0.032000,0.036000
0.032000,0.032000,0.036000,0.029000,0.030000
2520,0.032000,0.036000,0.032000,0.032000,0.034000
0.032000,0.034000,0.046000,0.032000,0.033000
2530,0.032000,0.032000,0.036000,0.032000,0.032000
0.032000,0.036000,0.032000,0.032000,0.036000
2540,0.032000,0.032000,0.033000,0.034000,0.033000
0.036000,0.032000,0.033000,0.034000,0.031000
2550,0.036000,0.032000,0.037000,0.041000,0.036000
0.056000,0.044000,0.054000,0.031000,0.038000
2560,0.034000,0.034000,0.032000,0.034000,0.035000
0.036000,0.034000,0.032000,0.034000,0.036000
2570,0.052000,0.038000,0.038000,0.034000,0.033000
0.036000,0.033000,0.036000,0.032000,0.036000
2580,0.035000,0.036000,0.036000,0.036000,0.034000
0.034000,0.033000,0.036000,0.032000,0.032000
2590,0.036000,0.036000,0.032000,0.036000,0.036000
0.032000,0.037000,0.031000,0.037000,0.036000
2600,0.037000,0.035000,0.034000,0.039000,0.032000
0.038000,0.034000,0.037000,0.032000,0.047000
2610,0.039000,0.034000,0.039000,0.033000,0.038000
0.036000,0.036000,0.037000,0.036000,0.035000
2620,0.036000,0.034000,0.035000,0.040000,0.036000
0.036000,0.035000,0.036000,0.035000,0.035000
2630,0.040000,0.036000,0.037000,0.035000,0.035000
0.036000,0.039000,0.038000,0.037000,0.038000
2640,0.037000,0.036000,0.036000,0.036000,0.036000
0.037000,0.036000,0.036000,0.036000,0.039000
2650,0.036000,0.036000,0.036000,0.039000,0.036000
0.036000,0.036000,0.036000,0.038000,0.035000
2660,0.038000,0.039000,0.038000,0.034000,0.040000
0.036000,0.038000,0.039000,0.037000,0.037000
2670,0.037000,0.039000,0.036000,0.039000,0.037000
0.035000,0.039000,0.036000,0.040000,0.036000
2680,0.037000,0.040000,0.036000,0.037000,0.040000
0.036000,0.040000,0.036000,0.036000,0.044000
2690,0.037000,0.039000,0.039000,0.037000,0.041000
0.036000,0.048000,0.058000,0.048000,0.036000
2700,0.042000,0.037000,0.041000,0.038000,0.039000
0.038000,0.040000,0.036000,0.037000,0.036000
2710,0.040000,0.039000,0.036000,0.044000,0.040000
0.036000,0.045000,0.038000,0.040000,0.038000
2720,0.040000,0.038000,0.040000,0.040000,0.040000
0.039000,0.040000,0.038000,0.039000,0.038000
2730,0.043000,0.036000,0.044000,0.044000,0.040000
0.036000,0.042000,0.036000,0.040000,0.045000
2740,0.039000,0.043000,0.042000,0.039000,0.041000
0.035000,0.038000,0.040000,0.038000,0.050000
2750,0.049000,0.049000,0.036000,0.039000,0.039000
0.039000,0.042000,0.044000,0.045000,0.041000
2760,0.039000,0.058000,0.041000,0.044000,0.040000
0.058000,0.053000,0.039000,0.040000,0.044000
2770,0.052000,0.043000,0.048000,0.038000,0.044000
0.041000,0.039000,0.042000,0.040000,0.040000
2780,0.040000,0.041000,0.044000,0.042000,0.041000
0.046000,0.043000,0.043000,0.054000,0.047000
2790,0.042000,0.041000,0.049000,0.042000,0.049000
0.052000,0.050000,0.048000,0.044000,0.044000
2800,0.049000,0.042000,0.056000,0.043000,0.045000
0.052000,0.057000,0.049000,0.051000,0.055000
2810,0.043000,0.044000,0.039000,0.047000,0.041000
0.044000,0.045000,0.039000,0.046000,0.046000
2820,0.040000,0.044000,0.042000,0.043000,0.041000
0.045000,0.039000,0.044000,0.040000,0.044000
2830,0.038000,0.048000,0.047000,0.043000,0.043000
0.044000,0.043000,0.044000,0.041000,0.045000
2840,0.041000,0.047000,0.043000,0.043000,0.044000
0.042000,0.044000,0.041000,0.043000,0.044000
2850,0.044000,0.041000,0.045000,0.042000,0.046000
0.042000,0.041000,0.040000,0.044000,0.041000
2860,0.047000,0.044000,0.045000,0.046000,0.041000
0.042000,0.046000,0.040000,0.043000,0.042000
2870,0.044000,0.044000,0.044000,0.040000,0.040000
0.046000,0.043000,0.047000,0.044000,0.043000
2880,0.044000,0.047000,0.044000,0.044000,0.041000
0.044000,0.044000,0.046000,0.049000,0.044000
2890,0.043000,0.044000,0.044000,0.044000,0.041000
0.046000,0.044000,0.045000,0.044000,0.047000
2900,0.045000,0.060000,0.045000,0.044000,0.045000
0.048000,0.051000,0.050000,0.042000,0.046000
2910,0.046000,0.045000,0.043000,0.045000,0.044000
0.044000,0.044000,0.048000,0.044000,0.050000
2920,0.048000,0.052000,0.044000,0.045000,0.044000
0.048000,0.044000,0.044000,0.044000,0.049000
2930,0.046000,0.051000,0.044000,0.049000,0.049000
0.045000,0.044000,0.047000,0.045000,0.045000
2940,0.044000,0.054000,0.070000,0.052000,0.047000
0.048000,0.047000,0.048000,0.045000,0.050000
2950,0.049000,0.050000,0.064000,0.048000,0.049000
0.043000,0.047000,0.048000,0.044000,0.046000
2960,0.049000,0.050000,0.055000,0.059000,0.054000
0.068000,0.049000,0.053000,0.062000,0.043000
2970,0.050000,0.045000,0.047000,0.047000,0.050000
0.047000,0.047000,0.050000,0.059000,0.050000
2980,0.046000,0.048000,0.065000,0.063000,0.054000
0.045000,0.055000,0.057000,0.073000,0.066000
2990,0.056000,0.065000,0.050000,0.047000,0.049000
0.053000,0.061000,0.053000,0.063000,0.056000
3000,0.079000,0.095000,0.063000,0.060000,0.048000
0.049000,0.050000,0.049000,0.051000,0.049000
3010,0.053000,0.050000,0.050000,0.050000,0.046000
0.052000,0.049000,0.052000,0.062000,0.050000
3020,0.050000,0.048000,0.051000,0.048000,0.052000
0.049000,0.048000,0.048000,0.049000,0.057000
3030,0.049000,0.050000,0.051000,0.049000,0.050000
0.055000,0.049000,0.054000,0.052000,0.051000
3040,0.050000,0.051000,0.048000,0.051000,0.051000
0.057000,0.056000,0.051000,0.050000,0.052000
3050,0.051000,0.050000,0.051000,0.054000,0.056000
0.051000,0.053000,0.051000,0.051000,0.049000
3060,0.052000,0.048000,0.048000,0.052000,0.049000
0.048000,0.052000,0.050000,0.050000,0.049000
3070,0.052000,0.050000,0.064000,0.055000,0.049000
0.056000,0.058000,0.055000,0.050000,0.053000
3080,0.058000,0.052000,0.054000,0.052000,0.054000
0.050000,0.051000,0.051000,0.054000,0.051000
3090,0.056000,0.050000,0.057000,0.053000,0.052000
0.058000,0.054000,0.051000,0.055000,0.053000
3100,0.050000,0.051000,0.053000,0.060000,0.060000
0.052000,0.053000,0.049000,0.055000,0.051000
3110,0.051000,0.052000,0.056000,0.056000,0.053000
0.050000,0.052000,0.054000,0.052000,0.052000
3120,0.052000,0.054000,0.053000,0.052000,0.056000
0.054000,0.063000,0.051000,0.052000,0.052000
3130,0.054000,0.054000,0.057000,0.059000,0.055000
0.052000,0.054000,0.053000,0.053000,0.051000
3140,0.055000,0.053000,0.055000,0.053000,0.049000
0.052000,0.052000,0.052000,0.052000,0.054000
3150,0.057000,0.055000,0.049000,0.055000,0.055000
0.054000,0.055000,0.053000,0.056000,0.058000
3160,0.052000,0.053000,0.056000,0.055000,0.053000
0.052000,0.059000,0.053000,0.054000,0.085000
3170,0.053000,0.056000,0.055000,0.053000,0.058000
0.055000,0.058000,0.057000,0.056000,0.057000
3180,0.057000,0.056000,0.058000,0.060000,0.058000
0.055000,0.055000,0.054000,0.055000,0.057000
3190,0.053000,0.056000,0.063000,0.073000,0.057000
0.058000,0.057000,0.058000,0.059000,0.055000
3200,0.058000,0.055000,0.056000,0.066000,0.062000
0.057000,0.057000,0.057000,0.052000,0.057000
3210,0.055000,0.053000,0.058000,0.055000,0.054000
0.067000,0.053000,0.057000,0.059000,0.059000
3220,0.056000,0.063000,0.069000,0.059000,0.056000
0.056000,0.053000,0.056000,0.056000,0.057000
3230,0.056000,0.057000,0.057000,0.056000,0.068000
0.059000,0.056000,0.055000,0.059000,0.057000
3240,0.089000,0.057000,0.057000,0.062000,0.075000
0.058000,0.054000,0.057000,0.058000,0.061000
3250,0.057000,0.064000,0.057000,0.061000,0.061000
0.061000,0.057000,0.056000,0.063000,0.054000
3260,0.064000,0.067000,0.060000,0.055000,0.058000
0.060000,0.057000,0.058000,0.058000,0.059000
3270,0.059000,0.059000,0.058000,0.058000,0.057000
0.061000,0.056000,0.057000,0.056000,0.064000
3280,0.060000,0.056000,0.060000,0.056000,0.116000
0.118000,0.135000,0.180000,0.130000,0.150000
3290,0.173000,0.186000,0.222000,0.059000,0.061000
0.056000,0.062000,0.056000,0.060000,0.060000
3300,0.074000,0.090000,0.122000,0.085000,0.069000
0.096000,0.128000,0.089000,0.059000,0.058000
3310,0.063000,0.057000,0.062000,0.059000,0.058000
0.059000,0.058000,0.062000,0.059000,0.071000
3320,0.067000,0.062000,0.063000,0.061000,0.057000
0.060000,0.060000,0.060000,0.059000,0.059000
3330,0.060000,0.063000,0.059000,0.068000,0.063000
0.070000,0.063000,0.059000,0.060000,0.058000
3340,0.059000,0.061000,0.073000,0.073000,0.081000
0.060000,0.068000,0.060000,0.063000,0.058000
3350,0.066000,0.063000,0.060000,0.062000,0.060000
0.057000,0.070000,0.058000,0.061000,0.064000
3360,0.060000,0.064000,0.064000,0.070000,0.061000
0.062000,0.082000,0.073000,0.070000,0.069000
3370,0.068000,0.061000,0.068000,0.081000,0.060000
0.062000,0.068000,0.059000,0.073000,0.067000
3380,0.063000,0.066000,0.063000,0.060000,0.064000
0.065000,0.060000,0.060000,0.060000,0.060000
3390,0.062000,0.062000,0.060000,0.064000,0.060000
0.072000,0.069000,0.071000,0.063000,0.064000
3400,0.061000,0.061000,0.064000,0.060000,0.064000
0.069000,0.062000,0.064000,0.064000,0.060000
3410,0.063000,0.067000,0.068000,0.062000,0.067000
0.060000,0.060000,0.065000,0.063000,0.069000
3420,0.066000,0.063000,0.066000,0.068000,0.063000
0.071000,0.064000,0.068000,0.068000,0.064000
3430,0.061000,0.064000,0.064000,0.064000,0.065000
0.069000,0.101000,0.104000,0.092000,0.072000
3440,0.061000,0.071000,0.065000,0.064000,0.066000
0.066000,0.064000,0.064000,0.064000,0.079000
3450,0.068000,0.067000,0.062000,0.067000,0.098000
0.061000,0.068000,0.062000,0.068000,0.066000
3460,0.063000,0.067000,0.068000,0.063000,0.064000
0.063000,0.064000,0.064000,0.080000,0.065000
3470,0.065000,0.080000,0.067000,0.073000,0.081000
0.068000,0.071000,0.066000,0.063000,0.066000
3480,0.064000,0.068000,0.064000,0.067000,0.067000
0.066000,0.071000,0.066000,0.067000,0.072000
3490,0.067000,0.064000,0.068000,0.064000,0.068000
0.064000,0.068000,0.068000,0.065000,0.067000
3500,0.072000,0.069000,0.066000,0.066000,0.068000
0.067000,0.073000,0.072000,0.063000,0.064000
3510,0.067000,0.070000,0.067000,0.065000,0.071000
0.070000,0.069000,0.068000,0.065000,0.068000
3520,0.065000,0.064000,0.069000,0.067000,0.072000
0.074000,0.072000,0.066000,0.069000,0.092000
3530,0.072000,0.065000,0.071000,0.069000,0.068000
0.068000,0.068000,0.069000,0.065000,0.068000
3540,0.068000,0.070000,0.068000,0.067000,0.082000
0.067000,0.069000,0.066000,0.069000,0.070000
3550,0.068000,0.069000,0.069000,0.067000,0.070000
0.066000,0.070000,0.070000,0.073000,0.068000
3560,0.069000,0.068000,0.067000,0.070000,0.070000
0.085000,0.081000,0.068000,0.084000,0.068000
3570,0.075000,0.070000,0.074000,0.068000,0.069000
0.081000,0.072000,0.072000,0.070000,0.072000
3580,0.069000,0.071000,0.072000,0.070000,0.072000
0.084000,0.076000,0.069000,0.072000,0.071000
3590,0.068000,0.071000,0.070000,0.072000,0.070000
0.068000,0.072000,0.070000,0.076000,0.071000
3600,0.072000,0.074000,0.069000,0.074000,0.069000
0.074000,0.070000,0.072000,0.069000,0.072000
3610,0.076000,0.072000,0.073000,0.074000,0.071000
0.073000,0.073000,0.070000,0.073000,0.074000
3620,0.073000,0.071000,0.072000,0.073000,0.073000
0.075000,0.076000,0.073000,0.074000,0.073000
3630,0.074000,0.072000,0.072000,0.074000,0.073000
0.073000,0.073000,0.073000,0.075000,0.084000
3640,0.076000,0.086000,0.071000,0.074000,0.072000
0.072000,0.074000,0.075000,0.075000,0.108000
3650,0.101000,0.097000,0.078000,0.077000,0.071000
0.072000,0.076000,0.075000,0.074000,0.071000
3660,0.076000,0.072000,0.076000,0.076000,0.072000
0.079000,0.076000,0.075000,0.071000,0.076000
3670,0.073000,0.084000,0.078000,0.072000,0.075000
0.072000,0.077000,0.073000,0.076000,0.074000
3680,0.078000,0.075000,0.072000,0.075000,0.073000
0.077000,0.073000,0.074000,0.077000,0.074000
3690,0.072000,0.079000,0.074000,0.079000,0.077000
0.072000,0.074000,0.077000,0.076000,0.072000
3700,0.076000,0.076000,0.072000,0.074000,0.073000
0.079000,0.081000,0.090000,0.076000,0.074000
3710,0.077000,0.075000,0.077000,0.072000,0.073000
0.075000,0.074000,0.076000,0.077000,0.079000
3720,0.088000,0.084000,0.074000,0.077000,0.080000
0.075000,0.076000,0.076000,0.075000,0.077000
3730,0.076000,0.077000,0.080000,0.080000,0.081000
0.082000,0.076000,0.076000,0.076000,0.078000
3740,0.081000,0.079000,0.076000,0.080000,0.077000
0.084000,0.077000,0.076000,0.080000,0.076000
3750,0.077000,0.078000,0.080000,0.080000,0.076000
0.077000,0.078000,0.080000,0.081000,0.076000
3760,0.091000,0.081000,0.077000,0.080000,0.076000
0.078000,0.080000,0.078000,0.087000,0.078000
3770,0.089000,0.082000,0.088000,0.107000,0.090000
0.089000,0.079000,0.088000,0.078000,0.076000
3780,0.081000,0.083000,0.081000,0.078000,0.079000
0.080000,0.076000,0.082000,0.077000,0.081000
3790,0.077000,0.080000,0.083000,0.081000,0.088000
0.083000,0.079000,0.080000,0.079000,0.080000
3800,0.080000,0.078000,0.080000,0.081000,0.084000
0.083000,0.084000,0.080000,0.083000,0.079000
3810,0.080000,0.081000,0.082000,0.077000,0.096000
0.081000,0.083000,0.084000,0.085000,0.081000
3820,0.089000,0.087000,0.084000,0.079000,0.080000
0.082000,0.080000,0.082000,0.081000,0.080000
3830,0.089000,0.084000,0.080000,0.091000,0.092000
0.079000,0.084000,0.084000,0.080000,0.084000
3840,0.083000,0.094000,0.084000,0.083000,0.081000
0.089000,0.080000,0.085000,0.085000,0.093000
3850,0.090000,0.081000,0.084000,0.096000,0.087000
0.083000,0.085000,0.088000,0.082000,0.086000
3860,0.080000,0.085000,0.084000,0.084000,0.084000
0.085000,0.088000,0.085000,0.091000,0.085000
3870,0.089000,0.104000,0.102000,0.093000,0.090000
0.093000,0.089000,0.086000,0.080000,0.085000
3880,0.085000,0.085000,0.084000,0.083000,0.085000
0.084000,0.080000,0.086000,0.091000,0.083000
3890,0.083000,0.088000,0.084000,0.083000,0.084000
0.088000,0.082000,0.084000,0.084000,0.087000
3900,0.089000,0.086000,0.083000,0.089000,0.086000
0.082000,0.087000,0.090000,0.086000,0.088000
3910,0.088000,0.107000,0.091000,0.086000,0.088000
0.086000,0.087000,0.085000,0.084000,0.095000
3920,0.097000,0.089000,0.091000,0.096000,0.089000
0.088000,0.084000,0.088000,0.083000,0.088000
3930,0.088000,0.087000,0.088000,0.087000,0.092000
0.087000,0.086000,0.085000,0.095000,0.122000
3940,0.090000,0.093000,0.088000,0.090000,0.086000
0.091000,0.085000,0.098000,0.089000,0.119000
3950,0.085000,0.086000,0.086000,0.088000,0.089000
0.089000,0.118000,0.152000,0.102000,0.098000
3960,0.096000,0.104000,0.103000,0.103000,0.131000
0.122000,0.090000,0.106000,0.088000,0.087000
3970,0.086000,0.090000,0.095000,0.088000,0.091000
0.103000,0.092000,0.085000,0.087000,0.088000
3980,0.121000,0.091000,0.092000,0.097000,0.090000
0.093000,0.092000,0.089000,0.088000,0.088000
3990,0.089000,0.099000,0.086000,0.091000,0.092000
0.091000,0.086000,0.096000,0.091000,0.090000
4000,0.089000,0.091000,0.088000,0.091000,0.091000
0.089000,0.088000,0.090000,0.096000,0.093000
4010,0.090000,0.148000,0.097000,0.093000,0.104000
0.092000,0.096000,0.112000,0.094000,0.094000
4020,0.103000,0.104000,0.101000,0.093000,0.093000
0.103000,0.095000,0.096000,0.106000,0.110000
4030,0.108000,0.100000,0.092000,0.089000,0.105000
0.172000,0.171000,0.193000,0.240000,0.144000
4040,0.133000,0.116000,0.086000,0.112000,0.103000
0.080000,0.105000,0.106000,0.100000,0.084000
4050,0.099000,0.109000,0.093000,0.100000,0.099000
0.100000,0.083000,0.100000,0.117000,0.100000
4060,0.117000,0.116000,0.100000,0.099000,0.090000
0.093000,0.086000,0.095000,0.095000,0.100000
4070,0.099000,0.097000,0.095000,0.116000,0.088000
0.100000,0.100000,0.100000,0.100000,0.098000
4080,0.091000,0.106000,0.093000,0.094000,0.095000
0.104000,0.099000,0.114000,0.093000,0.088000
4090,0.093000,0.094000,0.086000,0.100000,0.100000
0.088000,0.093000,0.102000,0.092000,0.101000
4100,0.097000,0.110000,0.096000,0.085000,0.151000
0.120000,0.117000,0.101000,0.091000,0.099000
4110,0.142000,0.127000,0.145000,0.145000,0.149000
0.111000,0.101000,0.100000,0.099000,0.098000
4120,0.098000,0.104000,0.113000,0.096000,0.093000
0.097000,0.087000,0.105000,0.098000,0.094000
4130,0.099000,0.114000,0.093000,0.149000,0.118000
0.099000,0.083000,0.098000,0.095000,0.099000
4140,0.107000,0.098000,0.103000,0.094000,0.093000
0.107000,0.099000,0.099000,0.100000,0.099000
4150,0.100000,0.105000,0.091000,0.108000,0.100000
0.115000,0.135000,0.106000,0.095000,0.102000
4160,0.100000,0.084000,0.105000,0.103000,0.099000
0.108000,0.101000,0.115000,0.098000,0.102000
4170,0.117000,0.110000,0.102000,0.139000,0.099000
0.113000,0.117000,0.117000,0.099000,0.117000
4180,0.100000,0.107000,0.099000,0.105000,0.109000
0.097000,0.117000,0.099000,0.102000,0.098000
4190,0.098000,0.099000,0.096000,0.095000,0.103000
0.106000,0.092000,0.108000,0.099000,0.123000
4200,0.122000,0.107000,0.104000,0.100000,0.086000
0.113000,0.101000,0.096000,0.105000,0.124000
4210,0.098000,0.113000,0.110000,0.114000,0.095000
0.096000,0.110000,0.096000,0.115000,0.130000
4220,0.109000,0.114000,0.122000,0.103000,0.102000
0.104000,0.113000,0.122000,0.108000,0.107000
4230,0.114000,0.112000,0.100000,0.113000,0.103000
0.107000,0.125000,0.127000,0.119000,0.103000
4240,0.102000,0.091000,0.099000,0.112000,0.100000
0.106000,0.098000,0.110000,0.104000,0.093000
4250,0.110000,0.097000,0.108000,0.115000,0.120000
0.128000,0.112000,0.110000,0.102000,0.117000
4260,0.108000,0.104000,0.100000,0.109000,0.104000
0.101000,0.097000,0.112000,0.101000,0.105000
4270,0.096000,0.110000,0.107000,0.113000,0.112000
0.129000,0.136000,0.134000,0.103000,0.106000
4280,0.116000,0.113000,0.111000,0.168000,0.137000
0.093000,0.114000,0.148000,0.129000,0.098000
4290,0.114000,0.105000,0.125000,0.131000,0.137000
0.146000,0.145000,0.124000,0.135000,0.121000
4300,0.139000,0.109000,0.110000,0.103000,0.113000
0.121000,0.123000,0.122000,0.141000,0.108000
4310,0.110000,0.107000,0.116000,0.127000,0.123000
0.139000,0.127000,0.139000,0.132000,0.126000
4320,0.154000,0.130000,0.146000,0.133000,0.163000
0.116000,0.100000,0.117000,0.117000,0.118000
4330,0.107000,0.107000,0.123000,0.111000,0.102000
0.130000,0.129000,0.143000,0.126000,0.102000
4340,0.126000,0.121000,0.121000,0.113000,0.099000
0.128000,0.129000,0.115000,0.111000,0.117000
4350,0.131000,0.102000,0.123000,0.113000,0.118000
0.114000,0.116000,0.128000,0.102000,0.112000
4360,0.116000,0.142000,0.138000,0.158000,0.144000
0.154000,0.131000,0.140000,0.136000,0.124000
4370,0.147000,0.148000,0.130000,0.147000,0.135000
0.131000,0.123000,0.112000,0.132000,0.138000
4380,0.128000,0.129000,0.144000,0.117000,0.130000
0.149000,0.120000,0.148000,0.118000,0.132000
4390,0.136000,0.118000,0.148000,0.132000,0.135000
0.143000,0.138000,0.144000,0.133000,0.116000
4400,0.132000,0.113000,0.112000,0.104000,0.112000
0.111000,0.115000,0.104000,0.112000,0.115000
4410,0.116000,0.118000,0.115000,0.115000,0.124000
0.136000,0.144000,0.152000,0.139000,0.132000
4420,0.116000,0.115000,0.115000,0.117000,0.110000
0.127000,0.113000,0.097000,0.107000,0.118000
4430,0.099000,0.116000,0.117000,0.124000,0.108000
0.114000,0.112000,0.112000,0.104000,0.120000
4440,0.106000,0.115000,0.124000,0.111000,0.117000
0.122000,0.111000,0.115000,0.108000,0.113000
4450,0.121000,0.131000,0.120000,0.145000,0.116000
0.104000,0.118000,0.110000,0.126000,0.115000
4460,0.112000,0.114000,0.117000,0.116000,0.114000
0.113000,0.115000,0.123000,0.136000,0.105000
4470,0.115000,0.120000,0.110000,0.127000,0.120000
0.118000,0.136000,0.128000,0.118000,0.122000
4480,0.106000,0.146000,0.123000,0.144000,0.133000
0.125000,0.131000,0.119000,0.115000,0.117000
4490,0.114000,0.112000,0.121000,0.108000,0.114000
0.113000,0.126000,0.112000,0.111000,0.127000
4500,0.115000,0.131000,0.106000,0.113000,0.144000
0.126000,0.123000,0.120000,0.118000,0.125000
4510,0.114000,0.119000,0.111000,0.141000,0.131000
0.118000,0.110000,0.137000,0.117000,0.134000
4520,0.147000,0.138000,0.130000,0.122000,0.141000
0.152000,0.153000,0.152000,0.145000,0.156000
4530,0.160000,0.134000,0.193000,0.144000,0.134000
0.136000,0.140000,0.133000,0.283000,0.162000
4540,0.135000,0.133000,0.182000,0.149000,0.168000
0.162000,0.148000,0.142000,0.153000,0.152000
4550,0.145000,0.166000,0.136000,0.132000,0.118000
0.130000,0.138000,0.142000,0.152000,0.148000
4560,0.129000,0.154000,0.134000,0.126000,0.134000
0.141000,0.142000,0.128000,0.125000,0.138000
4570,0.141000,0.151000,0.169000,0.155000,0.142000
0.159000,0.149000,0.149000,0.180000,0.178000
4580,0.151000,0.167000,0.160000,0.128000,0.152000
0.142000,0.136000,0.154000,0.117000,0.133000
4590,0.145000,0.150000,0.144000,0.162000,0.148000
0.121000,0.141000,0.125000,0.159000,0.132000
4600,0.135000,0.138000,0.138000,0.123000,0.149000
0.127000,0.135000,0.162000,0.130000,0.121000
4610,0.129000,0.171000,0.184000,0.139000,0.124000
0.121000,0.116000,0.147000,0.123000,0.116000
4620,0.114000,0.140000,0.162000,0.159000,0.155000
0.125000,0.134000,0.123000,0.141000,0.117000
4630,0.128000,0.119000,0.132000,0.120000,0.121000
0.127000,0.132000,0.118000,0.131000,0.123000
4640,0.141000,0.117000,0.129000,0.125000,0.151000
0.122000,0.125000,0.127000,0.128000,0.122000
4650,0.133000,0.123000,0.134000,0.126000,0.126000
0.127000,0.113000,0.128000,0.129000,0.140000
4660,0.162000,0.128000,0.114000,0.148000,0.162000
0.188000,0.130000,0.130000,0.159000,0.162000
4670,0.132000,0.133000,0.134000,0.125000,0.131000
0.134000,0.118000,0.138000,0.130000,0.129000
4680,0.139000,0.186000,0.149000,0.149000,0.133000
0.114000,0.152000,0.172000,0.146000,0.145000
4690,0.191000,0.154000,0.140000,0.139000,0.137000
0.130000,0.184000,0.136000,0.136000,0.151000
4700,0.133000,0.140000,0.135000,0.149000,0.133000
0.142000,0.164000,0.144000,0.137000,0.122000
4710,0.130000,0.144000,0.138000,0.127000,0.130000
0.123000,0.139000,0.133000,0.142000,0.166000
4720,0.180000,0.129000,0.130000,0.144000,0.168000
0.181000,0.154000,0.129000,0.135000,0.156000
4730,0.151000,0.138000,0.121000,0.130000,0.138000
0.174000,0.164000,0.129000,0.146000,0.137000
4740,0.130000,0.139000,0.163000,0.144000,0.132000
0.161000,0.127000,0.143000,0.142000,0.170000
4750,0.179000,0.137000,0.142000,0.128000,0.129000
0.167000,0.146000,0.180000,0.166000,0.150000
4760,0.122000,0.132000,0.153000,0.133000,0.136000
0.133000,0.131000,0.128000,0.131000,0.137000
4770,0.147000,0.196000,0.178000,0.127000,0.137000
0.165000,0.168000,0.195000,0.168000,0.154000
4780,0.159000,0.140000,0.142000,0.140000,0.176000
0.144000,0.127000,0.150000,0.189000,0.162000
4790,0.138000,0.135000,0.136000,0.144000,0.136000
0.132000,0.135000,0.143000,0.170000,0.151000
4800,0.129000,0.140000,0.162000,0.163000,0.159000
0.137000,0.129000,0.134000,0.141000,0.140000
4810,0.150000,0.149000,0.139000,0.135000,0.147000
0.174000,0.148000,0.140000,0.131000,0.144000
4820,0.175000,0.163000,0.150000,0.135000,0.184000
0.178000,0.142000,0.148000,0.180000,0.192000
4830,0.136000,0.124000,0.132000,0.128000,0.144000
0.148000,0.130000,0.129000,0.148000,0.143000
4840,0.139000,0.122000,0.148000,0.144000,0.127000
0.146000,0.145000,0.140000,0.134000,0.148000
4850,0.182000,0.136000,0.142000,0.135000,0.165000
0.182000,0.170000,0.145000,0.142000,0.144000
4860,0.143000,0.179000,0.181000,0.178000,0.193000
0.169000,0.151000,0.127000,0.154000,0.170000
4870,0.185000,0.185000,0.167000,0.169000,0.171000
0.170000,0.193000,0.173000,0.171000,0.154000
4880,0.192000,0.170000,0.188000,0.140000,0.134000
0.149000,0.178000,0.187000,0.170000,0.141000
4890,0.132000,0.147000,0.149000,0.144000,0.174000
0.184000,0.132000,0.158000,0.147000,0.144000
4900,0.130000,0.149000,0.149000,0.137000,0.132000
0.145000,0.151000,0.137000,0.155000,0.166000
4910,0.142000,0.142000,0.144000,0.134000,0.156000
0.195000,0.165000,0.129000,0.150000,0.141000
4920,0.150000,0.142000,0.146000,0.164000,0.161000
0.197000,0.196000,0.176000,0.168000,0.155000
4930,0.176000,0.132000,0.168000,0.164000,0.156000
0.181000,0.167000,0.171000,0.180000,0.143000
4940,0.184000,0.161000,0.174000,0.179000,0.165000
0.190000,0.186000,0.176000,0.181000,0.167000
4950,0.180000,0.188000,0.162000,0.166000,0.169000
0.181000,0.178000,0.198000,0.146000,0.180000
4960,0.198000,0.180000,0.160000,0.187000,0.165000
0.192000,0.182000,0.176000,0.195000,0.176000
4970,0.167000,0.178000,0.175000,0.191000,0.177000
0.194000,0.146000,0.145000,0.182000,0.190000
4980,0.159000,0.176000,0.182000,0.144000,0.177000
0.200000,0.167000,0.164000,0.181000,0.185000
4990,0.174000,0.174000,0.148000,0.147000,0.159000
0.186000,0.152000,0.171000,0.141000,0.155000
5000,0.152000,0.156000,0.152000,0.157000,0.139000
0.157000,0.148000,0.158000,0.138000,0.169000
5010,0.153000,0.153000,0.144000,0.176000,0.156000
0.135000,0.166000,0.138000,0.158000,0.149000
5020,0.155000,0.152000,0.142000,0.158000,0.147000
0.158000,0.138000,0.163000,0.142000,0.151000
5030,0.149000,0.149000,0.158000,0.152000,0.142000
0.149000,0.161000,0.140000,0.148000,0.156000
5040,0.145000,0.167000,0.155000,0.152000,0.161000
0.160000,0.155000,0.151000,0.151000,0.146000
5050,0.179000,0.155000,0.157000,0.165000,0.156000
0.163000,0.218000,0.190000,0.179000,0.212000
5060,0.197000,0.240000,0.167000,0.169000,0.161000
0.166000,0.164000,0.198000,0.150000,0.149000
5070,0.166000,0.155000,0.160000,0.202000,0.153000
0.197000,0.150000,0.164000,0.155000,0.166000
5080,0.156000,0.153000,0.168000,0.180000,0.174000
0.147000,0.160000,0.187000,0.157000,0.143000
5090,0.167000,0.156000,0.159000,0.161000,0.176000
0.171000,0.161000,0.158000,0.145000,0.161000
5100,0.145000,0.161000,0.162000,0.154000,0.198000
0.154000,0.162000,0.182000,0.153000,0.168000
5110,0.156000,0.200000,0.145000,0.172000,0.157000
0.165000,0.192000,0.166000,0.165000,0.166000
5120,0.179000,0.268000,0.297000,0.409000,0.469000
0.171000,0.182000,0.237000,0.206000,0.259000
5130,0.380000,0.365000,0.603000,0.542000,0.349000
0.380000,0.273000,0.326000,0.408000,0.336000
5140,0.334000,0.353000,0.322000,0.270000,0.226000
0.243000,0.172000,0.208000,0.186000,0.175000
5150,0.243000,0.199000,0.163000,0.263000,0.316000
0.291000,0.246000,0.322000,0.307000,0.309000
5160,0.298000,0.382000,0.308000,0.335000,0.287000
0.322000,0.277000,0.306000,0.329000,0.294000
5170,0.295000,0.382000,0.311000,0.288000,0.325000
0.287000,0.260000,0.278000,0.293000,0.288000
5180,0.287000,0.280000,0.272000,0.282000,0.303000
0.271000,0.326000,0.318000,0.286000,0.276000
5190,0.304000,0.284000,0.254000,0.271000,0.297000
0.287000,0.277000,0.251000,0.263000,0.292000
5200,0.295000,0.280000,0.292000,0.297000,0.284000
0.301000,0.274000,0.262000,0.284000,0.301000
5210,0.310000,0.307000,0.285000,0.269000,0.277000
0.301000,0.273000,0.270000,0.298000,0.227000
5220,0.211000,0.208000,0.252000,0.277000,0.257000
0.194000,0.180000,0.207000,0.244000,0.183000
5230,0.175000,0.172000,0.200000,0.199000,0.183000
0.164000,0.167000,0.179000,0.192000,0.199000
5240,0.180000,0.191000,0.172000,0.166000,0.215000
0.168000,0.161000,0.171000,0.158000,0.175000
5250,0.182000,0.168000,0.169000,0.164000,0.166000
0.166000,0.179000,0.178000,0.165000,0.163000
5260,0.179000,0.156000,0.216000,0.168000,0.172000
0.165000,0.164000,0.188000,0.163000,0.173000
5270,0.167000,0.168000,0.165000,0.174000,0.157000
0.174000,0.165000,0.160000,0.180000,0.162000
5280,0.184000,0.167000,0.168000,0.168000,0.169000
0.171000,0.170000,0.168000,0.166000,0.168000
5290,0.175000,0.193000,0.177000,0.171000,0.191000
0.178000,0.184000,0.187000,0.174000,0.179000
5300,0.190000,0.186000,0.204000,0.183000,0.173000
0.177000,0.176000,0.181000,0.170000,0.174000
5310,0.179000,0.182000,0.168000,0.178000,0.189000
0.191000,0.172000,0.170000,0.167000,0.177000
5320,0.173000,0.175000,0.171000,0.177000,0.186000
0.190000,0.201000,0.193000,0.198000,0.221000
5330,0.231000,0.202000,0.222000,0.190000,0.215000
0.195000,0.181000,0.177000,0.173000,0.178000
5340,0.196000,0.193000,0.185000,0.188000,0.194000
0.184000,0.175000,0.199000,0.180000,0.172000
5350,0.179000,0.178000,0.169000,0.177000,0.176000
0.169000,0.196000,0.193000,0.202000,0.181000
5360,0.178000,0.196000,0.196000,0.180000,0.188000
0.185000,0.182000,0.194000,0.261000,0.179000
5370,0.188000,0.178000,0.194000,0.205000,0.204000
0.170000,0.199000,0.177000,0.183000,0.221000
5380,0.234000,0.176000,0.178000,0.175000,0.174000
0.177000,0.197000,0.220000,0.177000,0.176000
5390,0.192000,0.183000,0.221000,0.207000,0.181000
0.177000,0.180000,0.172000,0.187000,0.176000
5400,0.180000,0.177000,0.177000,0.182000,0.190000
0.177000,0.276000,0.190000,0.203000,0.181000
5410,0.185000,0.199000,0.183000,0.174000,0.206000
0.198000,0.209000,0.197000,0.194000,0.200000
5420,0.211000,0.229000,0.217000,0.235000,0.202000
0.196000,0.203000,0.218000,0.210000,0.230000
5430,0.201000,0.185000,0.182000,0.252000,0.286000
0.255000,0.212000,0.251000,0.219000,0.251000
5440,0.210000,0.268000,0.189000,0.214000,0.298000
0.236000,0.198000,0.201000,0.193000,0.210000
5450,0.264000,0.209000,0.229000,0.191000,0.182000
0.190000,0.189000,0.186000,0.180000,0.180000
5460,0.190000,0.201000,0.197000,0.181000,0.183000
0.181000,0.199000,0.180000,0.183000,0.183000
5470,0.182000,0.185000,0.183000,0.192000,0.183000
0.182000,0.185000,0.184000,0.193000,0.184000
5480,0.184000,0.184000,0.203000,0.180000,0.183000
0.183000,0.188000,0.205000,0.180000,0.208000
5490,0.201000,0.190000,0.228000,0.224000,0.181000
0.199000,0.188000,0.185000,0.185000,0.207000
5500,0.210000,0.215000,0.219000,0.183000,0.197000
0.208000,0.208000,0.211000,0.192000,0.188000
5510,0.190000,0.224000,0.254000,0.237000,0.251000
0.210000,0.251000,0.251000,0.207000,0.241000
5520,0.233000,0.220000,0.211000,0.206000,0.219000
0.222000,0.228000,0.207000,0.219000,0.197000
5530,0.230000,0.217000,0.214000,0.200000,0.191000
0.205000,0.222000,0.239000,0.195000,0.220000
5540,0.237000,0.203000,0.194000,0.197000,0.211000
0.195000,0.191000,0.196000,0.191000,0.209000
5550,0.231000,0.219000,0.205000,0.196000,0.193000
0.206000,0.210000,0.212000,0.194000,0.200000
5560,0.200000,0.213000,0.198000,0.193000,0.205000
0.288000,0.230000,0.229000,0.269000,0.248000
5570,0.231000,0.219000,0.227000,0.205000,0.202000
0.228000,0.259000,0.220000,0.203000,0.196000
5580,0.239000,0.243000,0.192000,0.194000,0.205000
0.198000,0.215000,0.200000,0.210000,0.196000
5590,0.201000,0.212000,0.196000,0.198000,0.201000
0.201000,0.197000,0.193000,0.196000,0.195000
5600,0.191000,0.202000,0.218000,0.198000,0.191000
0.192000,0.224000,0.199000,0.190000,0.196000
5610,0.195000,0.206000,0.194000,0.195000,0.195000
0.194000,0.229000,0.217000,0.207000,0.234000
5620,0.217000,0.204000,0.206000,0.197000,0.196000
0.219000,0.196000,0.196000,0.195000,0.194000
5630,0.203000,0.198000,0.198000,0.195000,0.197000
0.204000,0.196000,0.199000,0.205000,0.200000
5640,0.299000,0.258000,0.263000,0.242000,0.276000
0.273000,0.251000,0.207000,0.197000,0.212000
5650,0.196000,0.195000,0.188000,0.236000,0.209000
0.198000,0.204000,0.202000,0.228000,0.209000
5660,0.213000,0.220000,0.208000,0.212000,0.197000
0.197000,0.206000,0.226000,0.198000,0.296000
5670,0.272000,0.246000,0.217000,0.226000,0.229000
0.210000,0.274000,0.216000,0.228000,0.230000
5680,0.238000,0.217000,0.215000,0.206000,0.210000
0.224000,0.205000,0.212000,0.228000,0.231000
5690,0.256000,0.219000,0.275000,0.260000,0.217000
0.230000,0.227000,0.210000,0.206000,0.220000
5700,0.224000,0.216000,0.206000,0.202000,0.205000
0.198000,0.203000,0.240000,0.207000,0.206000
5710,0.201000,0.200000,0.209000,0.206000,0.207000
0.199000,0.200000,0.219000,0.215000,0.208000
5720,0.201000,0.213000,0.205000,0.203000,0.201000
0.202000,0.215000,0.201000,0.202000,0.204000
5730,0.205000,0.204000,0.207000,0.200000,0.211000
0.204000,0.204000,0.200000,0.219000,0.216000
5740,0.206000,0.219000,0.203000,0.207000,0.201000
0.204000,0.215000,0.208000,0.202000,0.198000
5750,0.204000,0.217000,0.297000,0.217000,0.194000
0.231000,0.233000,0.207000,0.214000,0.270000
5760,0.211000,0.202000,0.215000,0.234000,0.215000
0.212000,0.205000,0.230000,0.225000,0.209000
5770,0.263000,0.234000,0.213000,0.219000,0.216000
0.205000,0.220000,0.278000,0.211000,0.209000
5780,0.225000,0.226000,0.213000,0.215000,0.208000
0.210000,0.212000,0.202000,0.219000,0.205000
5790,0.220000,0.205000,0.210000,0.206000,0.209000
0.222000,0.210000,0.204000,0.205000,0.209000
5800,0.220000,0.214000,0.222000,0.208000,0.227000
0.225000,0.213000,0.216000,0.217000,0.212000
5810,0.220000,0.245000,0.221000,0.227000,0.241000
0.219000,0.209000,0.218000,0.218000,0.256000
5820,0.216000,0.225000,0.222000,0.222000,0.302000
0.241000,0.226000,0.237000,0.225000,0.226000
5830,0.236000,0.210000,0.211000,0.211000,0.222000
0.268000,0.236000,0.213000,0.242000,0.259000
5840,0.245000,0.294000,0.220000,0.212000,0.226000
0.210000,0.211000,0.220000,0.217000,0.220000
5850,0.267000,0.222000,0.216000,0.221000,0.220000
0.218000,0.220000,0.219000,0.217000,0.222000
5860,0.213000,0.223000,0.228000,0.234000,0.218000
0.217000,0.227000,0.220000,0.296000,0.217000
5870,0.217000,0.214000,0.220000,0.281000,0.227000
0.216000,0.229000,0.216000,0.224000,0.274000
5880,0.235000,0.228000,0.215000,0.271000,0.249000
0.243000,0.215000,0.237000,0.237000,0.266000
5890,0.252000,0.241000,0.219000,0.232000,0.224000
0.218000,0.216000,0.219000,0.207000,0.224000
5900,0.224000,0.220000,0.213000,0.218000,0.214000
0.216000,0.235000,0.233000,0.220000,0.227000
5910,0.223000,0.228000,0.218000,0.220000,0.221000
0.254000,0.244000,0.289000,0.240000,0.262000
5920,0.277000,0.296000,0.376000,0.314000,0.271000
0.254000,0.263000,0.292000,0.289000,0.290000
5930,0.295000,0.261000,0.274000,0.363000,0.305000
0.267000,0.329000,0.307000,0.292000,0.296000
5940,0.274000,0.279000,0.288000,0.274000,0.244000
0.261000,0.267000,0.271000,0.266000,0.253000
5950,0.264000,0.269000,0.279000,0.247000,0.259000
0.278000,0.303000,0.289000,0.283000,0.264000
5960,0.252000,0.258000,0.248000,0.245000,0.233000
0.250000,0.250000,0.271000,0.288000,0.246000
5970,0.243000,0.304000,0.299000,0.269000,0.316000
0.311000,0.308000,0.341000,0.377000,0.308000
5980,0.303000,0.249000,0.257000,0.262000,0.258000
0.266000,0.266000,0.314000,0.239000,0.222000
5990,0.234000,0.227000,0.260000,0.233000,0.222000
0.244000,0.238000,0.229000,0.227000,0.230000
6000,0.231000,0.228000,0.238000,0.301000,0.229000
0.251000,0.245000,0.264000,0.238000,0.242000
6010,0.244000,0.233000,0.248000,0.288000,0.235000
0.230000,0.244000,0.238000,0.242000,0.246000
6020,0.235000,0.240000,0.226000,0.232000,0.312000
0.239000,0.260000,0.286000,0.275000,0.242000
6030,0.234000,0.241000,0.237000,0.227000,0.242000
0.248000,0.237000,0.223000,0.260000,0.253000
6040,0.270000,0.231000,0.253000,0.249000,0.239000
0.231000,0.234000,0.239000,0.240000,0.235000
6050,0.231000,0.239000,0.234000,0.237000,0.235000
0.242000,0.254000,0.232000,0.245000,0.240000
6060,0.235000,0.232000,0.240000,0.247000,0.284000
0.233000,0.234000,0.233000,0.229000,0.277000
6070,0.252000,0.241000,0.228000,0.240000,0.238000
0.237000,0.243000,0.308000,0.256000,0.236000
6080,0.232000,0.240000,0.236000,0.233000,0.246000
0.243000,0.239000,0.248000,0.246000,0.251000
6090,0.238000,0.239000,0.248000,0.235000,0.237000
0.241000,0.254000,0.307000,0.282000,0.244000
6100,0.261000,0.267000,0.266000,0.256000,0.255000
0.276000,0.248000,0.238000,0.239000,0.247000
6110,0.241000,0.240000,0.238000,0.246000,0.238000
0.240000,0.237000,0.249000,0.244000,0.275000
6120,0.268000,0.247000,0.243000,0.245000,0.237000
0.243000,0.304000,0.269000,0.236000,0.253000
6130,0.235000,0.236000,0.236000,0.232000,0.241000
0.223000,0.238000,0.291000,0.238000,0.240000
6140,0.275000,0.268000,0.276000,0.262000,0.257000
0.250000,0.242000,0.274000,0.279000,0.293000
6150,0.267000,0.257000,0.291000,0.304000,0.248000
0.240000,0.264000,0.271000,0.241000,0.239000
6160,0.273000,0.277000,0.277000,0.259000,0.269000
0.263000,0.251000,0.245000,0.240000,0.247000
6170,0.279000,0.255000,0.240000,0.264000,0.260000
0.254000,0.282000,0.252000,0.243000,0.242000
6180,0.239000,0.240000,0.274000,0.294000,0.260000
0.247000,0.244000,0.251000,0.268000,0.244000
6190,0.274000,0.250000,0.260000,0.242000,0.244000
0.241000,0.241000,0.262000,0.277000,0.330000
6200,0.262000,0.254000,0.244000,0.246000,0.268000
0.268000,0.274000,0.278000,0.294000,0.263000
6210,0.248000,0.255000,0.261000,0.238000,0.267000
0.258000,0.247000,0.264000,0.261000,0.244000
6220,0.249000,0.257000,0.260000,0.244000,0.246000
0.247000,0.249000,0.233000,0.278000,0.268000
6230,0.253000,0.261000,0.247000,0.250000,0.253000
0.245000,0.245000,0.251000,0.239000,0.260000
6240,0.238000,0.267000,0.245000,0.252000,0.247000
0.250000,0.246000,0.246000,0.250000,0.256000
6250,0.236000,0.253000,0.261000,0.250000,0.249000
0.244000,0.256000,0.253000,0.252000,0.251000
6260,0.248000,0.255000,0.244000,0.258000,0.258000
0.256000,0.245000,0.256000,0.246000,0.263000
6270,0.258000,0.258000,0.252000,0.262000,0.248000
0.248000,0.255000,0.253000,0.269000,0.255000
6280,0.255000,0.264000,0.258000,0.254000,0.239000
0.257000,0.253000,0.253000,0.254000,0.248000
6290,0.270000,0.266000,0.248000,0.264000,0.254000
0.270000,0.258000,0.257000,0.257000,0.246000
6300,0.270000,0.250000,0.262000,0.237000,0.269000
0.253000,0.275000,0.254000,0.261000,0.279000
6310,0.270000,0.271000,0.308000,0.256000,0.256000
0.252000,0.255000,0.268000,0.257000,0.251000
6320,0.256000,0.258000,0.254000,0.256000,0.252000
0.266000,0.269000,0.278000,0.267000,0.246000
6330,0.286000,0.256000,0.253000,0.258000,0.255000
0.250000,0.258000,0.271000,0.247000,0.265000
6340,0.254000,0.273000,0.264000,0.263000,0.256000
0.256000,0.263000,0.254000,0.253000,0.258000
6350,0.263000,0.282000,0.247000,0.302000,0.260000
0.258000,0.255000,0.259000,0.261000,0.258000
6360,0.258000,0.273000,0.258000,0.258000,0.259000
0.276000,0.261000,0.258000,0.260000,0.266000
6370,0.254000,0.270000,0.258000,0.267000,0.255000
0.257000,0.263000,0.261000,0.260000,0.266000
6380,0.257000,0.274000,0.259000,0.283000,0.298000
0.282000,0.262000,0.261000,0.265000,0.259000
6390,0.261000,0.265000,0.273000,0.269000,0.285000
0.267000,0.272000,0.262000,0.261000,0.300000
6400,0.274000,0.267000,0.266000,0.294000,0.261000
0.266000,0.271000,0.275000,0.268000,0.366000
6410,0.310000,0.280000,0.335000,0.276000,0.311000
0.292000,0.266000,0.263000,0.282000,0.262000
6420,0.308000,0.278000,0.266000,0.262000,0.286000
0.268000,0.261000,0.264000,0.295000,0.262000
6430,0.264000,0.268000,0.283000,0.271000,0.266000
0.319000,0.303000,0.272000,0.266000,0.265000
6440,0.318000,0.307000,0.272000,0.279000,0.269000
0.275000,0.267000,0.291000,0.291000,0.298000
6450,0.282000,0.292000,0.287000,0.283000,0.273000
0.296000,0.309000,0.277000,0.313000,0.364000
6460,0.285000,0.283000,0.368000,0.270000,0.268000
0.345000,0.298000,0.287000,0.327000,0.307000
6470,0.315000,0.290000,0.353000,0.319000,0.284000
0.377000,0.334000,0.318000,0.357000,0.271000
6480,0.264000,0.275000,0.296000,0.325000,0.317000
0.326000,0.312000,0.312000,0.347000,0.275000
6490,0.266000,0.277000,0.270000,0.288000,0.303000
0.313000,0.270000,0.295000,0.293000,0.297000
6500,0.291000,0.269000,0.281000,0.290000,0.290000
0.310000,0.292000,0.300000,0.307000,0.284000
6510,0.274000,0.275000,0.272000,0.279000,0.275000
0.276000,0.295000,0.272000,0.277000,0.284000
6520,0.284000,0.309000,0.280000,0.294000,0.331000
0.374000,0.362000,0.329000,0.286000,0.297000
6530,0.274000,0.283000,0.287000,0.291000,0.280000
0.283000,0.302000,0.282000,0.277000,0.280000
6540,0.273000,0.291000,0.282000,0.284000,0.303000
0.273000,0.284000,0.276000,0.286000,0.276000
6550,0.283000,0.280000,0.292000,0.292000,0.298000
0.284000,0.277000,0.318000,0.281000,0.286000
6560,0.283000,0.288000,0.287000,0.282000,0.297000
0.283000,0.283000,0.279000,0.283000,0.276000
6570,0.290000,0.302000,0.291000,0.278000,0.284000
0.281000,0.283000,0.276000,0.287000,0.274000
6580,0.288000,0.286000,0.274000,0.283000,0.276000
0.298000,0.283000,0.318000,0.285000,0.282000
6590,0.283000,0.283000,0.295000,0.279000,0.287000
0.292000,0.297000,0.293000,0.301000,0.283000
6600,0.283000,0.290000,0.297000,0.283000,0.284000
0.283000,0.288000,0.286000,0.295000,0.289000
6610,0.282000,0.288000,0.288000,0.287000,0.279000
0.288000,0.286000,0.286000,0.286000,0.305000
6620,0.304000,0.302000,0.309000,0.318000,0.282000
0.307000,0.297000,0.288000,0.295000,0.308000
6630,0.324000,0.301000,0.315000,0.300000,0.290000
0.316000,0.306000,0.310000,0.287000,0.289000
6640,0.316000,0.354000,0.404000,0.371000,0.329000
0.293000,0.295000,0.289000,0.303000,0.281000
6650,0.298000,0.292000,0.288000,0.296000,0.285000
0.290000,0.286000,0.285000,0.288000,0.298000
6660,0.287000,0.305000,0.350000,0.343000,0.288000
0.290000,0.285000,0.297000,0.344000,0.350000
6670,0.314000,0.348000,0.294000,0.311000,0.385000
0.339000,0.336000,0.389000,0.320000,0.284000
6680,0.338000,0.400000,0.287000,0.300000,0.297000
0.358000,0.311000,0.292000,0.290000,0.290000
6690,0.367000,0.359000,0.338000,0.340000,0.388000
0.378000,0.318000,0.342000,0.331000,0.328000
6700,0.323000,0.350000,0.342000,0.363000,0.332000
0.279000,0.287000,0.295000,0.317000,0.288000
6710,0.299000,0.343000,0.296000,0.318000,0.330000
0.292000,0.346000,0.303000,0.334000,0.322000
6720,0.310000,0.358000,0.341000,0.350000,0.350000
0.345000,0.316000,0.290000,0.360000,0.295000
6730,0.288000,0.298000,0.301000,0.296000,0.296000
0.293000,0.295000,0.292000,0.349000,0.303000
6740,0.298000,0.296000,0.301000,0.301000,0.350000
0.355000,0.299000,0.299000,0.397000,0.304000
6750,0.298000,0.305000,0.297000,0.298000,0.301000
0.293000,0.305000,0.340000,0.342000,0.319000
6760,0.358000,0.297000,0.308000,0.378000,0.302000
0.362000,0.300000,0.312000,0.307000,0.299000
6770,0.283000,0.319000,0.305000,0.305000,0.328000
0.314000,0.293000,0.307000,0.323000,0.301000
6780,0.302000,0.326000,0.305000,0.301000,0.307000
0.302000,0.298000,0.323000,0.332000,0.303000
6790,0.308000,0.297000,0.305000,0.314000,0.299000
0.302000,0.319000,0.309000,0.308000,0.300000
6800,0.302000,0.302000,0.299000,0.288000,0.315000
0.331000,0.298000,0.309000,0.302000,0.308000
6810,0.313000,0.308000,0.303000,0.325000,0.333000
0.306000,0.319000,0.318000,0.341000,0.304000
6820,0.346000,0.325000,0.323000,0.334000,0.310000
0.313000,0.323000,0.305000,0.307000,0.309000
6830,0.307000,0.307000,0.311000,0.336000,0.323000
0.345000,0.320000,0.319000,0.311000,0.305000
6840,0.310000,0.302000,0.330000,0.304000,0.303000
0.302000,0.315000,0.326000,0.336000,0.304000
6850,0.311000,0.333000,0.316000,0.318000,0.322000
0.321000,0.318000,0.330000,0.319000,0.308000
6860,0.295000,0.322000,0.305000,0.321000,0.307000
0.315000,0.301000,0.315000,0.310000,0.300000
6870,0.319000,0.316000,0.313000,0.312000,0.316000
0.307000,0.315000,0.314000,0.307000,0.312000
6880,0.319000,0.308000,0.307000,0.314000,0.320000
0.299000,0.331000,0.307000,0.323000,0.310000
6890,0.324000,0.310000,0.308000,0.317000,0.315000
0.313000,0.312000,0.304000,0.311000,0.334000
6900,0.330000,0.317000,0.326000,0.327000,0.347000
0.341000,0.325000,0.310000,0.323000,0.316000
6910,0.311000,0.339000,0.339000,0.333000,0.326000
0.334000,0.337000,0.329000,0.350000,0.317000
6920,0.322000,0.310000,0.320000,0.331000,0.325000
0.314000,0.321000,0.324000,0.325000,0.326000
6930,0.318000,0.314000,0.329000,0.339000,0.328000
0.311000,0.332000,0.360000,0.327000,0.337000
6940,0.322000,0.323000,0.328000,0.323000,0.327000
0.320000,0.333000,0.328000,0.324000,0.319000
6950,0.322000,0.321000,0.327000,0.357000,0.377000
0.321000,0.323000,0.330000,0.327000,0.321000
6960,0.325000,0.333000,0.317000,0.330000,0.348000
0.327000,0.336000,0.323000,0.340000,0.358000
6970,0.328000,0.319000,0.330000,0.321000,0.317000
0.328000,0.330000,0.317000,0.322000,0.338000
6980,0.326000,0.329000,0.316000,0.333000,0.327000
0.328000,0.332000,0.326000,0.330000,0.328000
6990,0.323000,0.323000,0.313000,0.326000,0.333000
0.323000,0.327000,0.328000,0.321000,0.334000
7000,0.329000,0.326000,0.325000,0.325000,0.325000
0.325000,0.332000,0.326000,0.323000,0.335000
7010,0.326000,0.344000,0.328000,0.324000,0.326000
0.321000,0.327000,0.307000,0.331000,0.322000
7020,0.335000,0.325000,0.323000,0.325000,0.325000
0.335000,0.336000,0.346000,0.332000,0.329000
7030,0.364000,0.354000,0.342000,0.332000,0.333000
0.321000,0.349000,0.346000,0.349000,0.364000
7040,0.332000,0.339000,0.341000,0.332000,0.339000
0.329000,0.359000,0.336000,0.355000,0.327000
7050,0.339000,0.344000,0.340000,0.326000,0.344000
0.333000,0.347000,0.334000,0.321000,0.348000
7060,0.349000,0.343000,0.333000,0.330000,0.343000
0.329000,0.328000,0.325000,0.335000,0.328000
7070,0.332000,0.331000,0.330000,0.329000,0.342000
0.346000,0.331000,0.356000,0.340000,0.338000
7080,0.334000,0.341000,0.384000,0.408000,0.438000
0.378000,0.405000,0.466000,0.401000,0.451000
7090,0.440000,0.394000,0.406000,0.549000,0.479000
0.479000,0.395000,0.397000,0.349000,0.367000
7100,0.355000,0.369000,0.363000,0.367000,0.341000
0.368000,0.346000,0.357000,0.368000,0.346000
7110,0.342000,0.354000,0.351000,0.353000,0.384000
0.379000,0.495000,0.382000,0.573000,0.452000
7120,0.359000,0.367000,0.410000,0.386000,0.366000
0.354000,0.387000,0.372000,0.375000,0.396000
7130,0.356000,0.400000,0.433000,0.408000,0.339000
0.338000,0.341000,0.349000,0.345000,0.343000
7140,0.334000,0.366000,0.342000,0.342000,0.338000
0.352000,0.334000,0.338000,0.350000,0.340000
7150,0.351000,0.353000,0.346000,0.338000,0.349000
0.348000,0.334000,0.344000,0.341000,0.331000
7160,0.350000,0.343000,0.343000,0.366000,0.352000
0.344000,0.341000,0.341000,0.368000,0.356000
7170,0.354000,0.352000,0.338000,0.355000,0.354000
0.340000,0.342000,0.354000,0.337000,0.346000
7180,0.351000,0.351000,0.346000,0.353000,0.348000
0.347000,0.346000,0.349000,0.358000,0.343000
7190,0.347000,0.350000,0.345000,0.379000,0.383000
0.356000,0.347000,0.348000,0.352000,0.354000
7200,0.359000,0.344000,0.381000,0.342000,0.332000
0.381000,0.347000,0.364000,0.362000,0.341000
7210,0.349000,0.381000,0.347000,0.369000,0.353000
0.370000,0.352000,0.342000,0.346000,0.363000
7220,0.349000,0.360000,0.346000,0.351000,0.363000
0.355000,0.341000,0.349000,0.356000,0.345000
7230,0.350000,0.342000,0.352000,0.350000,0.356000
0.355000,0.359000,0.354000,0.342000,0.360000
7240,0.362000,0.350000,0.353000,0.343000,0.358000
0.350000,0.349000,0.351000,0.347000,0.345000
7250,0.372000,0.354000,0.360000,0.357000,0.353000
0.354000,0.357000,0.350000,0.353000,0.344000
7260,0.360000,0.368000,0.352000,0.350000,0.348000
0.354000,0.351000,0.364000,0.349000,0.354000
7270,0.356000,0.348000,0.343000,0.360000,0.362000
0.356000,0.353000,0.345000,0.352000,0.383000
7280,0.345000,0.360000,0.368000,0.373000,0.366000
0.373000,0.365000,0.373000,0.350000,0.384000
7290,0.364000,0.372000,0.354000,0.384000,0.359000
0.352000,0.375000,0.372000,0.370000,0.353000
7300,0.366000,0.376000,0.365000,0.364000,0.357000
0.363000,0.366000,0.357000,0.355000,0.426000
7310,0.350000,0.372000,0.361000,0.357000,0.358000
0.374000,0.352000,0.354000,0.364000,0.348000
7320,0.375000,0.383000,0.357000,0.361000,0.370000
0.367000,0.362000,0.400000,0.357000,0.375000
7330,0.357000,0.375000,0.366000,0.376000,0.380000
0.359000,0.391000,0.372000,0.362000,0.381000
7340,0.364000,0.390000,0.367000,0.391000,0.389000
0.403000,0.433000,0.372000,0.361000,0.385000
7350,0.362000,0.362000,0.374000,0.386000,0.373000
0.367000,0.374000,0.367000,0.390000,0.362000
7360,0.393000,0.393000,0.367000,0.372000,0.410000
0.368000,0.395000,0.382000,0.372000,0.362000
7370,0.373000,0.362000,0.373000,0.370000,0.377000
0.359000,0.371000,0.360000,0.369000,0.364000
7380,0.362000,0.363000,0.390000,0.402000,0.373000
0.369000,0.364000,0.372000,0.366000,0.371000
7390,0.362000,0.360000,0.379000,0.384000,0.364000
0.382000,0.364000,0.368000,0.376000,0.385000
7400,0.375000,0.379000,0.365000,0.382000,0.378000
0.377000,0.367000,0.367000,0.380000,0.366000
7410,0.364000,0.382000,0.381000,0.373000,0.366000
0.367000,0.375000,0.384000,0.352000,0.385000
7420,0.384000,0.389000,0.354000,0.387000,0.372000
0.364000,0.372000,0.381000,0.376000,0.396000
7430,0.404000,0.383000,0.387000,0.398000,0.387000
0.376000,0.380000,0.407000,0.391000,0.400000
7440,0.379000,0.390000,0.379000,0.378000,0.383000
0.379000,0.353000,0.398000,0.389000,0.367000
7450,0.374000,0.372000,0.373000,0.387000,0.398000
0.389000,0.376000,0.371000,0.425000,0.374000
7460,0.392000,0.375000,0.433000,0.365000,0.393000
0.373000,0.386000,0.377000,0.374000,0.385000
7470,0.359000,0.396000,0.386000,0.396000,0.390000
0.375000,0.399000,0.390000,0.386000,0.383000
7480,0.407000,0.380000,0.378000,0.379000,0.384000
0.377000,0.380000,0.416000,0.396000,0.388000
7490,0.379000,0.397000,0.379000,0.382000,0.380000
0.396000,0.422000,0.368000,0.410000,0.395000
7500,0.381000,0.378000,0.380000,0.382000,0.436000
0.454000,0.719000,0.538000,0.461000,0.477000
7510,0.499000,0.415000,0.467000,0.575000,0.531000
0.507000,0.479000,0.442000,0.422000,0.460000
7520,0.427000,0.475000,0.432000,0.457000,0.468000
0.416000,0.413000,0.417000,0.424000,0.400000
7530,0.448000,0.405000,0.417000,0.403000,0.402000
0.416000,0.390000,0.402000,0.390000,0.393000
7540,0.419000,0.398000,0.446000,0.503000,0.600000
0.492000,0.446000,0.445000,0.415000,0.398000
7550,0.381000,0.381000,0.385000,0.388000,0.378000
0.388000,0.387000,0.413000,0.391000,0.385000
7560,0.401000,0.389000,0.441000,0.403000,0.406000
0.411000,0.429000,0.396000,0.422000,0.398000
7570,0.399000,0.417000,0.396000,0.390000,0.385000
0.393000,0.390000,0.414000,0.392000,0.409000
7580,0.428000,0.431000,0.533000,0.450000,0.437000
0.567000,0.436000,0.429000,0.405000,0.455000
7590,0.523000,0.503000,0.480000,0.445000,0.417000
0.408000,0.450000,0.454000,0.457000,0.479000
7600,0.482000,0.418000,0.468000,0.428000,0.425000
0.427000,0.432000,0.424000,0.426000,0.450000
7610,0.469000,0.440000,0.437000,0.470000,0.509000
0.447000,0.451000,0.485000,0.541000,0.587000
7620,0.502000,0.421000,0.464000,0.448000,0.481000
0.417000,0.429000,0.417000,0.409000,0.423000
7630,0.392000,0.424000,0.397000,0.392000,0.401000
0.422000,0.416000,0.411000,0.390000,0.407000
7640,0.400000,0.410000,0.412000,0.394000,0.432000
0.398000,0.407000,0.401000,0.399000,0.415000
7650,0.405000,0.397000,0.401000,0.393000,0.419000
0.403000,0.413000,0.415000,0.427000,0.402000
7660,0.399000,0.403000,0.413000,0.401000,0.407000
0.394000,0.405000,0.417000,0.418000,0.401000
7670,0.396000,0.400000,0.399000,0.411000,0.427000
0.392000,0.418000,0.411000,0.396000,0.393000
7680,0.403000,0.475000,0.411000,0.410000,0.424000
0.412000,0.401000,0.385000,0.437000,0.416000
7690,0.402000,0.416000,0.397000,0.409000,0.398000
0.404000,0.414000,0.404000,0.485000,0.510000
7700,0.432000,0.406000,0.407000,0.410000,0.399000
0.411000,0.398000,0.432000,0.399000,0.399000
7710,0.400000,0.397000,0.423000,0.412000,0.416000
0.418000,0.426000,0.402000,0.405000,0.412000
7720,0.400000,0.438000,0.422000,0.421000,0.448000
0.407000,0.464000,0.430000,0.412000,0.421000
7730,0.424000,0.418000,0.405000,0.449000,0.405000
0.452000,0.457000,0.405000,0.414000,0.404000
7740,0.419000,0.449000,0.433000,0.451000,0.422000
0.419000,0.424000,0.437000,0.421000,0.411000
7750,0.422000,0.413000,0.458000,0.431000,0.435000
0.427000,0.429000,0.600000,0.488000,0.440000
7760,0.494000,0.499000,0.478000,0.459000,0.503000
0.478000,0.457000,0.568000,0.432000,0.420000
7770,0.409000,0.424000,0.451000,0.463000,0.548000
0.486000,0.493000,0.502000,0.484000,0.501000
7780,0.477000,0.413000,0.430000,0.477000,0.460000
0.433000,0.422000,0.421000,0.417000,0.407000
7790,0.421000,0.428000,0.427000,0.447000,0.441000
0.421000,0.434000,0.463000,0.436000,0.431000
7800,0.420000,0.485000,0.524000,0.575000,0.576000
0.541000,0.548000,0.538000,0.432000,0.427000
7810,0.455000,0.432000,0.456000,0.448000,0.428000
0.427000,0.439000,0.488000,0.416000,0.449000
7820,0.498000,0.495000,0.461000,0.594000,0.598000
0.587000,0.524000,0.459000,0.571000,0.559000
7830,0.465000,0.431000,0.608000,0.565000,0.633000
0.567000,0.445000,0.472000,0.545000,0.552000
7840,0.477000,0.499000,0.483000,0.431000,0.482000
0.500000,0.496000,0.498000,0.514000,0.528000
7850,0.601000,0.505000,0.544000,0.597000,0.602000
0.664000,0.604000,0.728000,0.597000,0.619000
7860,0.699000,0.543000,0.490000,0.486000,0.438000
0.579000,0.465000,0.493000,0.489000,0.506000
7870,0.489000,0.461000,0.453000,0.451000,0.522000
0.510000,0.483000,0.465000,0.485000,0.518000
7880,0.441000,0.465000,0.522000,0.468000,0.443000
0.450000,0.451000,0.469000,0.484000,0.497000
7890,0.476000,0.432000,0.473000,0.489000,0.470000
0.519000,0.465000,0.451000,0.481000,0.463000
7900,0.473000,0.450000,0.448000,0.500000,0.457000
0.532000,0.480000,0.520000,0.474000,0.508000
7910,0.549000,0.572000,0.523000,0.520000,0.487000
0.491000,0.454000,0.553000,0.506000,0.514000
7920,0.467000,0.453000,0.444000,0.476000,0.459000
0.461000,0.453000,0.555000,0.526000,0.591000
7930,0.513000,0.484000,0.518000,0.486000,0.557000
0.507000,0.538000,0.552000,0.481000,0.473000
7940,0.524000,0.543000,0.483000,0.492000,0.515000
0.491000,0.438000,0.453000,0.466000,0.493000
7950,0.492000,0.474000,0.546000,0.617000,0.536000
0.518000,0.562000,0.512000,0.627000,0.494000
7960,0.511000,0.558000,0.498000,0.532000,0.501000
0.508000,0.518000,0.503000,0.507000,0.512000
7970,0.498000,0.488000,0.569000,0.529000,0.530000
0.507000,0.494000,0.508000,0.501000,0.488000
7980,0.469000,0.464000,0.480000,0.456000,0.456000
0.443000,0.483000,0.538000,0.479000,0.478000
7990,0.554000,0.499000,0.495000,0.466000,0.458000
0.494000,0.469000,0.480000,0.467000,0.537000
8000,0.519000,0.523000,0.590000,0.444000,0.511000
0.565000,0.501000,0.464000,0.500000,0.503000
8010,0.498000,0.513000,0.478000,0.507000,0.601000
0.475000,0.489000,0.543000,0.507000,0.476000
8020,0.481000,0.518000,0.507000,0.513000,0.570000
0.541000,0.489000,0.507000,0.496000,0.542000
8030,0.495000,0.549000,0.564000,0.542000,0.533000
0.482000,0.501000,0.535000,0.538000,0.533000
8040,0.469000,0.450000,0.472000,0.480000,0.520000
0.545000,0.523000,0.473000,0.483000,0.507000
8050,0.502000,0.517000,0.531000,0.517000,0.494000
0.498000,0.483000,0.551000,0.547000,0.524000
8060,0.569000,0.506000,0.557000,0.535000,0.521000
0.503000,0.495000,0.500000,0.470000,0.508000
8070,0.544000,0.547000,0.461000,0.630000,0.572000
0.491000,0.495000,0.492000,0.490000,0.504000
8080,0.519000,0.464000,0.624000,0.640000,0.736000
0.718000,0.589000,0.487000,0.503000,0.491000
8090,0.457000,0.512000,0.506000,0.497000,0.496000
0.520000,0.503000,0.484000,0.448000,0.483000
8100,0.474000,0.523000,0.503000,0.515000,0.521000
0.501000,0.532000,0.506000,0.458000,0.574000
8110,0.464000,0.476000,0.518000,0.477000,0.466000
0.523000,0.478000,0.476000,0.490000,0.509000
8120,0.489000,0.473000,0.522000,0.478000,0.474000
0.515000,0.475000,0.512000,0.472000,0.479000
8130,0.499000,0.479000,0.497000,0.548000,0.572000
0.492000,0.499000,0.463000,0.628000,0.680000
8140,0.644000,0.745000,0.756000,0.610000,0.659000
0.571000,0.592000,0.594000,0.651000,0.508000
8150,0.472000,0.508000,0.542000,0.468000,0.465000
0.470000,0.463000,0.465000,0.510000,0.447000
8160,0.521000,0.561000,0.515000,0.482000,0.485000
0.503000,0.534000,0.538000,0.479000,0.528000
8170,0.567000,0.541000,0.557000,0.539000,0.486000
0.532000,0.534000,0.556000,0.530000,0.482000
8180,0.474000,0.539000,0.509000,0.566000,0.526000
0.523000,0.524000,0.509000,0.483000,0.457000
8190,0.504000,0.506000,0.522000,0.531000,0.541000
0.549000,0.524000,0.529000,0.467000,0.459000
8200,0.518000,0.655000,0.606000,0.596000,0.526000
0.538000,0.692000,0.622000,0.661000,0.679000
8210,0.564000,0.501000,0.546000,0.542000,0.552000
0.542000,0.533000,0.512000,0.542000,0.533000
8220,0.479000,0.485000,0.480000,0.463000,0.486000
0.503000,0.478000,0.476000,0.575000,0.513000
8230,0.515000,0.468000,0.563000,0.486000,0.539000
0.495000,0.478000,0.510000,0.486000,0.507000
8240,0.519000,0.468000,0.497000,0.474000,0.530000
0.487000,0.494000,0.489000,0.540000,0.506000
8250,0.482000,0.501000,0.477000,0.557000,0.493000
0.471000,0.472000,0.470000,0.482000,0.565000
8260,0.517000,0.512000,0.488000,0.486000,0.485000
0.494000,0.478000,0.486000,0.486000,0.538000
8270,0.548000,0.497000,0.481000,0.499000,0.492000
0.470000,0.511000,0.561000,0.562000,0.572000
8280,0.574000,0.576000,0.570000,0.502000,0.482000
0.499000,0.546000,0.494000,0.480000,0.529000
8290,0.492000,0.510000,0.495000,0.482000,0.506000
0.521000,0.523000,0.580000,0.557000,0.510000
8300,0.504000,0.504000,0.486000,0.574000,0.509000
0.666000,0.534000,0.516000,0.525000,0.561000
8310,0.502000,0.478000,0.495000,0.481000,0.546000
0.481000,0.483000,0.480000,0.558000,0.491000
8320,0.493000,0.490000,0.490000,0.492000,0.521000
0.605000,0.500000,0.495000,0.482000,0.484000
8330,0.532000,0.522000,0.516000,0.570000,0.553000
0.518000,0.497000,0.498000,0.491000,0.569000
8340,0.507000,0.561000,0.515000,0.564000,0.488000
0.490000,0.488000,0.544000,0.547000,0.482000
8350,0.506000,0.491000,0.487000,0.538000,0.490000
0.516000,0.509000,0.514000,0.499000,0.491000
8360,0.501000,0.510000,0.565000,0.495000,0.514000
0.532000,0.506000,0.589000,0.558000,0.509000
8370,0.499000,0.546000,0.498000,0.522000,0.494000
0.515000,0.526000,0.501000,0.529000,0.491000
8380,0.557000,0.510000,0.507000,0.508000,0.514000
0.498000,0.518000,0.537000,0.509000,0.524000
8390,0.517000,0.497000,0.553000,0.490000,0.546000
0.502000,0.489000,0.521000,0.498000,0.504000
8400,0.530000,0.518000,0.512000,0.511000,0.517000
0.546000,0.528000,0.520000,0.488000,0.496000
8410,0.498000,0.557000,0.523000,0.509000,0.539000
0.552000,0.496000,0.540000,0.500000,0.509000
8420,0.581000,0.505000,0.519000,0.500000,0.512000
0.500000,0.505000,0.492000,0.605000,0.507000
8430,0.505000,0.496000,0.534000,0.550000,0.578000
0.541000,0.524000,0.525000,0.568000,0.535000
8440,0.605000,0.541000,0.517000,0.673000,0.541000
0.510000,0.589000,0.526000,0.538000,0.526000
8450,0.559000,0.567000,0.513000,0.589000,0.590000
0.545000,0.521000,0.505000,0.518000,0.591000
8460,0.496000,0.581000,0.548000,0.540000,0.583000
0.518000,0.514000,0.510000,0.509000,0.508000
8470,0.489000,0.514000,0.508000,0.534000,0.601000
0.504000,0.498000,0.514000,0.545000,0.524000
8480,0.536000,0.508000,0.513000,0.516000,0.525000
0.502000,0.518000,0.507000,0.532000,0.581000
8490,0.532000,0.619000,0.660000,0.528000,0.532000
0.597000,0.508000,0.571000,0.577000,0.509000
8500,0.552000,0.610000,0.517000,0.578000,0.557000
0.536000,0.504000,0.502000,0.523000,0.513000
8510,0.558000,0.616000,0.510000,0.592000,0.539000
0.544000,0.546000,0.578000,0.625000,0.522000
8520,0.525000,0.514000,0.586000,0.507000,0.544000
0.515000,0.552000,0.576000,0.586000,0.511000
8530,0.596000,0.506000,0.511000,0.521000,0.510000
0.516000,0.502000,0.509000,0.503000,0.511000
8540,0.516000,0.551000,0.511000,0.516000,0.543000
0.535000,0.532000,0.542000,0.518000,0.518000
8550,0.523000,0.515000,0.525000,0.530000,0.536000
0.526000,0.531000,0.552000,0.529000,0.546000
8560,0.606000,0.577000,0.547000,0.550000,0.530000
0.558000,0.514000,0.529000,0.606000,0.783000
8570,0.755000,0.634000,0.611000,0.633000,0.608000
0.757000,0.765000,0.605000,0.674000,0.658000
8580,0.728000,0.713000,0.637000,0.861000,0.596000
0.632000,0.578000,0.571000,0.649000,0.584000
8590,0.596000,0.597000,0.647000,0.580000,0.613000
0.580000,0.715000,0.661000,0.833000,0.630000
8600,0.609000,0.640000,0.614000,0.571000,0.647000
0.645000,0.624000,0.528000,0.570000,0.614000
8610,0.608000,0.583000,0.624000,0.573000,0.545000
0.525000,0.581000,0.540000,0.536000,0.648000
8620,0.599000,0.593000,0.614000,0.543000,0.664000
0.531000,0.549000,0.664000,0.675000,0.597000
8630,0.593000,0.606000,0.529000,0.545000,0.613000
0.658000,0.559000,0.521000,0.566000,0.592000
8640,0.598000,0.601000,0.562000,0.549000,0.597000
0.562000,0.539000,0.543000,0.540000,0.530000
8650,0.547000,0.547000,0.555000,0.551000,0.544000
0.625000,0.523000,0.609000,0.541000,0.532000
8660,0.561000,0.555000,0.527000,0.556000,0.543000
0.565000,0.616000,0.525000,0.528000,0.531000
8670,0.590000,0.554000,0.550000,0.526000,0.537000
0.532000,0.550000,0.550000,0.528000,0.531000
8680,0.548000,0.548000,0.530000,0.528000,0.531000
0.535000,0.529000,0.545000,0.573000,0.529000
8690,0.568000,0.533000,0.577000,0.538000,0.554000
0.547000,0.567000,0.533000,0.605000,0.562000
8700,0.607000,0.562000,0.523000,0.572000,0.605000
0.582000,0.575000,0.530000,0.577000,0.552000
8710,0.539000,0.574000,0.540000,0.545000,0.537000
0.543000,0.620000,0.642000,0.605000,0.559000
8720,0.592000,0.627000,0.699000,0.636000,0.608000
0.665000,0.549000,0.550000,0.557000,0.532000
8730,0.539000,0.546000,0.550000,0.556000,0.540000
0.558000,0.548000,0.549000,0.583000,0.573000
8740,0.528000,0.579000,0.549000,0.555000,0.553000
0.572000,0.553000,0.548000,0.568000,0.549000
8750,0.570000,0.540000,0.557000,0.548000,0.541000
0.551000,0.583000,0.538000,0.567000,0.549000
8760,0.569000,0.565000,0.576000,0.558000,0.599000
0.554000,0.574000,0.541000,0.647000,0.544000
8770,0.620000,0.585000,0.705000,0.611000,0.597000
0.635000,0.567000,0.541000,0.557000,0.539000
8780,0.570000,0.573000,0.550000,0.640000,0.536000
0.590000,0.577000,0.568000,0.551000,0.551000
8790,0.575000,0.542000,0.577000,0.564000,0.549000
0.611000,0.543000,0.553000,0.552000,0.599000
8800,0.545000,0.612000,0.574000,0.598000,0.555000
0.555000,0.573000,0.561000,0.582000,0.555000
8810,0.587000,0.567000,0.583000,0.563000,0.566000
0.579000,0.570000,0.553000,0.578000,0.584000
8820,0.565000,0.556000,0.568000,0.656000,0.792000
0.819000,0.637000,0.584000,0.574000,0.677000
8830,0.704000,0.773000,0.652000,0.578000,0.604000
0.626000,